 708,                North Carolina,7.04597e+00,4.38014e+00,8.25758e+01,6.58182e+01
 636,                        Kansas,6.48618e+00,4.03086e+00,8.36944e+01,6.79444e+01
 577,                          Duke,6.30283e+00,4.50524e+00,8.49677e+01,6.28710e+01
 511,                       Arizona,6.26191e+00,4.18129e+00,9.21935e+01,7.56774e+01
 640,                      Kentucky,5.98869e+00,4.28258e+00,7.90606e+01,6.60000e+01
 738,                        Purdue,5.98393e+00,4.22337e+00,8.42424e+01,7.31515e+01
 662,                      Maryland,5.63942e+00,4.67920e+00,7.90345e+01,7.20690e+01
 670,                      Michigan,5.49865e+00,4.11527e+00,7.66129e+01,6.73871e+01
 559,                   Connecticut,5.49075e+00,3.97677e+00,7.65455e+01,6.24545e+01
 788,                           TCU,5.35552e+00,3.63344e+00,9.73226e+01,7.68065e+01
 810,                          UCLA,5.15020e+00,4.32463e+00,8.38966e+01,8.09655e+01
 512,                    Arizona St,5.14165e+00,4.01313e+00,8.48387e+01,8.38065e+01
 551,                       Clemson,5.10385e+00,4.53221e+00,7.21613e+01,6.50000e+01
 515,                      Arkansas,4.96284e+00,3.85794e+00,8.38000e+01,7.28333e+01
 625,                       Indiana,4.89639e+00,4.20296e+00,7.65000e+01,7.27000e+01
 595,                    Florida St,4.87367e+00,4.58822e+00,7.04667e+01,6.82667e+01
 786,                      Syracuse,4.87148e+00,3.98536e+00,7.17188e+01,6.74375e+01
 606,                  Georgia Tech,4.84010e+00,4.48816e+00,7.60000e+01,7.16667e+01
 853,                        Xavier,4.77497e+00,3.83981e+00,8.40690e+01,6.88276e+01
 783,                      Stanford,4.77015e+00,4.02669e+00,8.02759e+01,6.88621e+01
 549,                    Cincinnati,4.72474e+00,3.79694e+00,7.64839e+01,6.28387e+01
 769,                South Carolina,4.67569e+00,4.08080e+00,7.16667e+01,6.75333e+01
 623,                      Illinois,4.65058e+00,4.18945e+00,7.01935e+01,6.37742e+01
 604,                       Georgia,4.64698e+00,4.21736e+00,7.53000e+01,7.17667e+01
 651,                    Louisville,4.62677e+00,4.21335e+00,7.08438e+01,7.19688e+01
 701,                    New Mexico,4.59774e+00,3.60401e+00,7.66000e+01,6.63667e+01
 676,                      Missouri,4.59261e+00,4.08886e+00,7.07742e+01,7.11613e+01
 674,                   Mississippi,4.58315e+00,3.83919e+00,8.08929e+01,6.80000e+01
 793,                         Texas,4.58232e+00,3.89822e+00,7.94516e+01,8.13871e+01
 599,                  G Washington,4.57842e+00,3.79406e+00,7.35938e+01,6.78125e+01
 741,                  Rhode Island,4.57766e+00,3.82584e+00,7.71333e+01,7.12333e+01
 778,                     St John's,4.54613e+00,3.95542e+00,7.25333e+01,6.78000e+01
 663,                 Massachusetts,4.50414e+00,3.98633e+00,7.04839e+01,6.54516e+01
 843,                 West Virginia,4.45115e+00,3.86325e+00,7.86786e+01,6.93929e+01
 569,                        Dayton,4.42485e+00,3.68834e+00,7.55484e+01,7.04839e+01
 827,                    Vanderbilt,4.41740e+00,4.02544e+00,7.53333e+01,7.02667e+01
 628,                          Iowa,4.38277e+00,3.89668e+00,7.92069e+01,6.73793e+01
 695,                      NC State,4.33548e+00,4.37113e+00,6.49333e+01,6.29333e+01
 790,                     Tennessee,4.29516e+00,3.88273e+00,7.56786e+01,7.02143e+01
 671,                   Michigan St,4.28944e+00,4.05924e+00,7.40000e+01,6.37037e+01
 673,                     Minnesota,4.28745e+00,4.02372e+00,7.10333e+01,6.80000e+01
 698,                      Nebraska,4.27724e+00,3.85524e+00,7.17742e+01,6.85161e+01
 805,                           UAB,4.26363e+00,3.72243e+00,7.49677e+01,7.14839e+01
 592,                       Florida,4.23996e+00,4.01998e+00,7.63929e+01,7.36786e+01
 817,                          UNLV,4.22454e+00,3.64574e+00,6.96129e+01,6.70645e+01
 678,                   Missouri St,4.21694e+00,3.47601e+00,7.40312e+01,7.02188e+01
 546,                     Charlotte,4.21298e+00,3.77221e+00,7.32069e+01,6.75172e+01
 830,                      Virginia,4.17835e+00,4.41610e+00,6.57333e+01,7.00333e+01
 840,                    Washington,4.16845e+00,3.96845e+00,7.90741e+01,7.74074e+01
 839,                   Wake Forest,4.16074e+00,4.39904e+00,6.60714e+01,6.68571e+01
 721,                      Oklahoma,4.14105e+00,3.78342e+00,7.38387e+01,6.73871e+01
 607,                       Gonzaga,4.14030e+00,3.26481e+00,8.01000e+01,7.09333e+01
 829,                     Villanova,4.12854e+00,4.12695e+00,6.98276e+01,7.21379e+01
 581,                    E Michigan,4.09433e+00,3.40724e+00,8.00714e+01,7.54643e+01
 780,                      St Louis,4.06348e+00,3.76938e+00,6.80323e+01,6.30968e+01
 722,                   Oklahoma St,4.06087e+00,3.88672e+00,7.92963e+01,6.92593e+01
 613,                        Hawaii,4.04936e+00,3.72123e+00,7.69630e+01,7.02222e+01
 789,                        Temple,4.02859e+00,4.00062e+00,6.61379e+01,5.99310e+01
 627,                          Iona,4.02588e+00,3.15447e+00,8.08387e+01,6.98065e+01
 527,                Boston College,4.00968e+00,3.90351e+00,6.95333e+01,7.08667e+01
 818,                           USC,3.99215e+00,4.13073e+00,7.50357e+01,8.03929e+01
 597,                     Fresno St,3.97625e+00,3.70482e+00,8.17407e+01,7.70000e+01
 504,                       Alabama,3.96990e+00,3.95560e+00,6.96333e+01,6.83667e+01
 746,                       Rutgers,3.92927e+00,3.91588e+00,6.92069e+01,6.64828e+01
 648,                   Long Island,3.92430e+00,3.08914e+00,9.35714e+01,8.86429e+01
 772,                 Southern Miss,3.91410e+00,3.42190e+00,6.94062e+01,6.18750e+01
 668,                      Miami FL,3.90558e+00,3.88182e+00,7.03704e+01,6.55926e+01
 578,                      Duquesne,3.88232e+00,3.70990e+00,7.24333e+01,7.76667e+01
 836,                    W Michigan,3.83643e+00,3.31667e+00,7.94815e+01,6.99259e+01
 624,                   Illinois St,3.83369e+00,3.40373e+00,7.61071e+01,6.82857e+01
 764,                    Seton Hall,3.81656e+00,4.00130e+00,6.72500e+01,6.84286e+01
 796,                    Texas Tech,3.79187e+00,3.94326e+00,7.73333e+01,7.86296e+01
 637,                     Kansas St,3.78197e+00,3.81610e+00,7.58571e+01,6.89643e+01
 675,                Mississippi St,3.77901e+00,3.82531e+00,7.12069e+01,6.85862e+01
 849,                     Wisconsin,3.77842e+00,3.94959e+00,6.05484e+01,6.25806e+01
 666,                       Memphis,3.77058e+00,3.78242e+00,7.33704e+01,7.14444e+01
 737,                    Providence,3.76685e+00,4.04228e+00,6.53793e+01,6.60690e+01
 775,                St Bonaventure,3.74113e+00,3.62102e+00,6.59032e+01,6.48065e+01
 766,                         Siena,3.73484e+00,3.02850e+00,8.33448e+01,8.01034e+01
 720,                       Ohio St,3.73252e+00,4.10119e+00,6.59333e+01,7.28333e+01
 687,                     Murray St,3.73241e+00,2.82182e+00,8.49310e+01,7.02759e+01
 518,                        Auburn,3.71959e+00,3.79488e+00,6.89643e+01,6.73571e+01
 717,                    Notre Dame,3.70626e+00,3.82883e+00,7.02222e+01,7.09630e+01
 731,                    Pittsburgh,3.70486e+00,3.81788e+00,7.35926e+01,7.68889e+01
 622,                    IL Chicago,3.70104e+00,3.13363e+00,7.51111e+01,6.57407e+01
 727,                       Pacific,3.69400e+00,3.15598e+00,7.29355e+01,6.34839e+01
 729,                       Penn St,3.69350e+00,3.85358e+00,7.26667e+01,6.86296e+01
 594,                  Florida Intl,3.67983e+00,2.82554e+00,8.73448e+01,7.91379e+01
 802,                         Tulsa,3.65453e+00,3.64950e+00,6.83000e+01,6.50667e+01
 535,                        Butler,3.65267e+00,3.28639e+00,6.65333e+01,6.28333e+01
 521,                        Baylor,3.63160e+00,3.87189e+00,7.03571e+01,7.20714e+01
 811,                           ULL,3.62061e+00,3.14817e+00,7.45000e+01,7.33667e+01
 749,                    S Illinois,3.61616e+00,3.32435e+00,7.49655e+01,7.54828e+01
 603,                    Georgetown,3.61611e+00,3.88244e+00,6.98889e+01,6.69630e+01
 539,                    California,3.60264e+00,4.14871e+00,7.03333e+01,6.94815e+01
 520,                       Ball St,3.58590e+00,3.25285e+00,7.78846e+01,6.99615e+01
 755,                 San Francisco,3.57013e+00,3.27063e+00,7.34138e+01,6.56552e+01
 574,                       Detroit,3.56005e+00,3.22452e+00,7.32593e+01,6.27037e+01
 822,                       Utah St,3.54711e+00,3.23224e+00,7.06207e+01,6.47931e+01
 821,                          Utah,3.53337e+00,3.26330e+00,6.91852e+01,5.60741e+01
 758,                   Santa Clara,3.53242e+00,3.33791e+00,7.32143e+01,6.79643e+01
 660,                     Marquette,3.51684e+00,3.76208e+00,6.42143e+01,5.92500e+01
 771,                 South Florida,3.51262e+00,3.62548e+00,6.58000e+01,6.62667e+01
 536,                           BYU,3.50701e+00,3.48040e+00,6.35333e+01,6.97667e+01
 725,                        Oregon,3.49728e+00,4.05609e+00,6.88519e+01,7.01111e+01
 841,                 Washington St,3.46346e+00,4.03444e+00,7.06296e+01,7.31481e+01
 516,                   Arkansas St,3.45952e+00,3.06518e+00,7.48276e+01,7.05172e+01
 669,                      Miami OH,3.45105e+00,3.38205e+00,6.80000e+01,6.63214e+01
 779,                St Joseph's PA,3.43111e+00,3.74181e+00,6.68571e+01,7.07500e+01
 562,                     Creighton,3.41366e+00,3.23960e+00,7.52593e+01,6.95556e+01
 588,                   F Dickinson,3.39272e+00,2.85276e+00,8.38214e+01,7.49643e+01
 767,                           SMU,3.38880e+00,3.30088e+00,7.64074e+01,7.12222e+01
 699,                        Nevada,3.37542e+00,3.21552e+00,7.60741e+01,7.60000e+01
 724,                  Oral Roberts,3.37021e+00,2.88743e+00,7.86333e+01,7.28333e+01
 556,                      Colorado,3.36906e+00,3.83818e+00,7.16154e+01,7.36923e+01
 641,                      La Salle,3.36332e+00,3.77052e+00,7.14074e+01,7.81852e+01
 629,                       Iowa St,3.35423e+00,3.90568e+00,6.38966e+01,6.81379e+01
 846,                    Wichita St,3.34250e+00,3.35706e+00,6.35484e+01,6.44839e+01
 726,                     Oregon St,3.30517e+00,3.90981e+00,6.86296e+01,6.98889e+01
 743,                      Richmond,3.29457e+00,2.93873e+00,7.03793e+01,6.13103e+01
 528,                   Boston Univ,3.29448e+00,3.04255e+00,7.00333e+01,6.75333e+01
 653,                     Loyola MD,3.27369e+00,3.20850e+00,7.65926e+01,7.94074e+01
 794,                     Texas A&M,3.26099e+00,3.69561e+00,7.50370e+01,7.73704e+01
 711,                   North Texas,3.25254e+00,3.56401e+00,7.66154e+01,9.05385e+01
 702,                 New Mexico St,3.24643e+00,3.20641e+00,7.32593e+01,6.94074e+01
 831,                 Virginia Tech,3.23376e+00,3.87822e+00,6.61852e+01,6.76296e+01
 503,                         Akron,3.22710e+00,3.21230e+00,7.46154e+01,6.83846e+01
 573,                        DePaul,3.22362e+00,3.93018e+00,5.93103e+01,6.92414e+01
 730,                    Pepperdine,3.22331e+00,3.30893e+00,6.98148e+01,6.58889e+01
 526,                      Boise St,3.21556e+00,3.22968e+00,7.22500e+01,6.92500e+01
 754,                  San Diego St,3.21384e+00,3.45510e+00,6.90741e+01,7.35556e+01
 587,                    Evansville,3.21151e+00,3.24335e+00,6.96207e+01,6.75517e+01
 801,                        Tulane,3.18667e+00,3.58267e+00,6.65862e+01,7.23793e+01
 552,                  Cleveland St,3.18519e+00,3.41187e+00,6.46296e+01,7.05185e+01
 812,                           ULM,3.18306e+00,3.05668e+00,7.76071e+01,8.13571e+01
 560,                     Coppin St,3.17152e+00,2.90694e+00,7.76207e+01,6.97241e+01
 728,                          Penn,3.15343e+00,2.90218e+00,7.15517e+01,6.93448e+01
 530,                       Bradley,3.14936e+00,3.43107e+00,6.41429e+01,6.20357e+01
 626,                    Indiana St,3.13525e+00,3.26177e+00,6.94444e+01,6.66296e+01
 652,                 Loy Marymount,3.12688e+00,3.23041e+00,7.38519e+01,8.18148e+01
 704,                       Niagara,3.12097e+00,3.13309e+00,7.23333e+01,7.04074e+01
 804,                   TX Southern,3.11415e+00,2.72301e+00,7.50968e+01,7.60323e+01
 781,                  St Mary's CA,3.10939e+00,3.29918e+00,7.46800e+01,7.89600e+01
 852,                       Wyoming,3.10597e+00,3.17826e+00,6.37692e+01,5.91154e+01
 557,                   Colorado St,3.09967e+00,3.25166e+00,6.74231e+01,6.21923e+01
 851,                     Wright St,3.08814e+00,3.31438e+00,6.65556e+01,7.24074e+01
 816,                UNC Wilmington,3.08723e+00,3.05565e+00,6.22667e+01,6.16333e+01
 565,                 CS Northridge,3.08262e+00,2.95552e+00,8.32692e+01,8.11154e+01
 681,                    Montana St,3.07243e+00,2.76630e+00,7.81111e+01,7.10741e+01
 639,                          Kent,3.06480e+00,3.22426e+00,6.79630e+01,7.24074e+01
 826,                    Valparaiso,3.06304e+00,2.88703e+00,7.35357e+01,6.72143e+01
 844,                  WI Green Bay,3.04600e+00,3.15467e+00,6.45357e+01,6.00357e+01
 617,                       Houston,3.03727e+00,3.59720e+00,6.35517e+01,7.28966e+01
 798,                        Toledo,3.03334e+00,3.24962e+00,6.95385e+01,6.51923e+01
 615,                       Hofstra,3.03281e+00,2.93381e+00,7.35357e+01,7.13214e+01
 538,                  Cal Poly SLO,3.02751e+00,2.92786e+00,8.31600e+01,8.76400e+01
 713,              Northern Arizona,3.01797e+00,2.91031e+00,8.01538e+01,6.76538e+01
 658,                     Manhattan,3.01076e+00,3.15089e+00,6.56207e+01,6.94828e+01
 564,                  CS Fullerton,2.99935e+00,3.09504e+00,7.29630e+01,7.55185e+01
 570,                      Delaware,2.98736e+00,2.92211e+00,7.28148e+01,6.98148e+01
 803,               TX Pan American,2.96290e+00,3.18259e+00,7.22593e+01,9.16667e+01
 596,                       Fordham,2.96262e+00,3.74261e+00,6.52593e+01,7.23704e+01
 835,                    W Kentucky,2.95715e+00,3.25988e+00,6.56897e+01,6.96552e+01
 611,                      Hartford,2.95578e+00,2.85004e+00,7.86923e+01,7.86154e+01
 705,                   Nicholls St,2.95392e+00,2.77972e+00,7.71111e+01,7.50370e+01
 541,                      Canisius,2.95344e+00,3.33483e+00,6.83333e+01,7.09259e+01
 643,                         Lamar,2.95301e+00,2.99157e+00,6.67586e+01,6.60690e+01
 753,                     San Diego,2.94475e+00,3.20200e+00,6.95769e+01,7.14231e+01
 744,                         Rider,2.94259e+00,3.00837e+00,7.05185e+01,6.52593e+01
 715,                  Northwestern,2.93679e+00,3.92007e+00,6.05926e+01,6.38519e+01
 568,                      Davidson,2.93438e+00,2.86872e+00,7.02593e+01,6.64074e+01
 714,                 Northern Iowa,2.92897e+00,3.29799e+00,6.92222e+01,7.03704e+01
 747,                 S Carolina St,2.92064e+00,2.83733e+00,7.46071e+01,6.93214e+01
 589,                     Fairfield,2.91569e+00,3.15522e+00,7.02222e+01,7.12593e+01
 703,                   New Orleans,2.91417e+00,3.06922e+00,6.92593e+01,6.71481e+01
 742,                          Rice,2.90693e+00,3.70492e+00,6.27037e+01,7.05556e+01
 582,                  E Washington,2.89336e+00,2.87477e+00,7.57308e+01,7.87692e+01
 842,                      Weber St,2.88934e+00,3.05479e+00,7.23077e+01,7.15385e+01
 655,                           LSU,2.87793e+00,3.91747e+00,6.08077e+01,6.59231e+01
 620,                         Idaho,2.87573e+00,3.30007e+00,7.10000e+01,6.96400e+01
 768,                 South Alabama,2.85245e+00,3.09749e+00,6.55185e+01,5.41481e+01
 650,                Louisiana Tech,2.83915e+00,3.08800e+00,6.84815e+01,6.70741e+01
 659,                        Marist,2.83627e+00,3.00427e+00,6.92500e+01,7.29286e+01
 513,               Ark Little Rock,2.82274e+00,3.02890e+00,6.73929e+01,6.89643e+01
 537,                    C Michigan,2.81001e+00,3.29757e+00,6.85600e+01,8.26000e+01
 576,                        Drexel,2.80695e+00,2.94934e+00,6.67857e+01,6.76429e+01
 661,                      Marshall,2.79564e+00,3.22550e+00,6.64400e+01,7.00400e+01
 529,                 Bowling Green,2.79100e+00,3.25320e+00,6.75200e+01,7.16800e+01
 847,                William & Mary,2.78682e+00,2.80319e+00,6.96154e+01,6.23077e+01
 736,                     Princeton,2.77850e+00,2.85009e+00,6.70769e+01,5.09615e+01
 723,                  Old Dominion,2.75651e+00,3.04417e+00,6.20714e+01,6.41071e+01
 838,                        Wagner,2.74917e+00,2.77910e+00,7.31786e+01,7.73929e+01
 712,                  Northeastern,2.73498e+00,2.77971e+00,6.75000e+01,6.87500e+01
 510,                Appalachian St,2.73323e+00,2.83736e+00,6.99231e+01,6.71923e+01
 824,                          UTEP,2.73214e+00,3.20970e+00,6.35600e+01,6.53200e+01
 683,                     Morgan St,2.72787e+00,2.91947e+00,7.26429e+01,7.76786e+01
 672,                Middle Tenn St,2.72634e+00,2.93940e+00,7.11200e+01,6.56800e+01
 519,                   Austin Peay,2.72180e+00,2.74916e+00,7.02308e+01,6.77308e+01
 647,                 Long Beach St,2.71444e+00,3.05507e+00,6.37931e+01,6.95862e+01
 686,                  Mt St Mary's,2.71322e+00,2.83834e+00,7.13704e+01,7.06667e+01
 579,                    E Illinois,2.71238e+00,2.78245e+00,7.34800e+01,7.24800e+01
 782,                    St Peter's,2.71107e+00,3.08601e+00,6.89630e+01,7.22963e+01
 719,                          Ohio,2.70375e+00,3.36005e+00,6.39615e+01,7.74615e+01
 654,                Loyola-Chicago,2.70221e+00,3.10642e+00,6.48846e+01,6.85385e+01
 795,                      Texas St,2.69946e+00,2.80594e+00,7.27778e+01,7.02222e+01
 809,                           UCF,2.69417e+00,2.61822e+00,7.50000e+01,7.21538e+01
 855,                 Youngstown St,2.69290e+00,2.70915e+00,7.07407e+01,6.50000e+01
 828,                       Vermont,2.69011e+00,2.71699e+00,7.36538e+01,6.95385e+01
 555,                       Colgate,2.68698e+00,2.75722e+00,7.44444e+01,7.69259e+01
 791,                  Tennessee St,2.68625e+00,2.77431e+00,6.84074e+01,7.20370e+01
 680,                       Montana,2.68525e+00,2.87869e+00,6.70741e+01,6.72963e+01
 825,               VA Commonwealth,2.68262e+00,2.92950e+00,6.38214e+01,6.71071e+01
 543,                     Centenary,2.67907e+00,2.77573e+00,6.90667e+01,7.38000e+01
 845,                  WI Milwaukee,2.67439e+00,3.19832e+00,6.11481e+01,7.30000e+01
 583,                 East Carolina,2.67423e+00,2.97423e+00,6.67692e+01,6.88077e+01
 534,                       Buffalo,2.66351e+00,2.84066e+00,7.27308e+01,7.25385e+01
 635,                 James Madison,2.64499e+00,3.04351e+00,6.40370e+01,6.77407e+01
 814,                 UNC Asheville,2.63870e+00,2.83047e+00,7.00385e+01,6.75000e+01
 633,                  Jacksonville,2.63771e+00,3.13054e+00,6.57778e+01,7.08519e+01
 554,                Col Charleston,2.60350e+00,2.52472e+00,7.00370e+01,5.57037e+01
 773,                 Southern Univ,2.59473e+00,2.49798e+00,8.57200e+01,8.11600e+01
 733,                   Portland St,2.59163e+00,3.11431e+00,7.08333e+01,7.22083e+01
 690,                    N Illinois,2.59125e+00,3.08741e+00,6.68400e+01,6.88800e+01
 602,                  George Mason,2.58918e+00,2.95172e+00,6.28519e+01,6.85185e+01
 509,                 American Univ,2.58362e+00,3.10456e+00,6.11111e+01,6.55185e+01
 799,                        Towson,2.57917e+00,2.96680e+00,6.37143e+01,6.60000e+01
 593,                   Florida A&M,2.57343e+00,2.71859e+00,7.12857e+01,7.56071e+01
 605,                    Georgia St,2.57316e+00,2.59299e+00,7.38462e+01,7.03462e+01
 740,                       Radford,2.57190e+00,2.44037e+00,7.53462e+01,6.96154e+01
 692,                          Navy,2.56594e+00,2.53932e+00,7.12593e+01,6.48889e+01
 756,                   San Jose St,2.56551e+00,3.52175e+00,5.96538e+01,7.67308e+01
 762,                SE Missouri St,2.55975e+00,2.93167e+00,7.25000e+01,7.36250e+01
 757,                 Santa Barbara,2.55026e+00,3.20864e+00,7.00417e+01,7.72083e+01
 642,                     Lafayette,2.54566e+00,2.59943e+00,7.35000e+01,6.97308e+01
 819,                  UT Arlington,2.53203e+00,2.69915e+00,7.01111e+01,7.39630e+01
 776,                 St Francis NY,2.52593e+00,2.77537e+00,7.12692e+01,6.99231e+01
 533,                      Bucknell,2.51019e+00,2.62642e+00,6.88889e+01,6.88889e+01
 580,                    E Kentucky,2.50614e+00,2.85149e+00,6.94400e+01,7.56000e+01
 815,                UNC Greensboro,2.50205e+00,2.74836e+00,6.36786e+01,7.09286e+01
 751,                Sam Houston St,2.49590e+00,2.90354e+00,6.94231e+01,7.40000e+01
 732,                      Portland,2.49173e+00,3.19482e+00,6.48333e+01,7.03750e+01
 685,                  MS Valley St,2.49118e+00,2.65264e+00,7.37407e+01,8.22593e+01
 820,                UT San Antonio,2.49100e+00,2.73529e+00,7.60400e+01,7.22000e+01
 832,                           VMI,2.48238e+00,2.65004e+00,7.21667e+01,7.68750e+01
 548,                    Chicago St,2.47830e+00,2.89748e+00,6.80370e+01,8.96667e+01
 575,                         Drake,2.47168e+00,3.27312e+00,6.09630e+01,7.52963e+01
 834,                    W Illinois,2.45160e+00,2.78936e+00,6.95600e+01,7.10000e+01
 777,                 St Francis PA,2.44472e+00,2.74059e+00,6.91538e+01,6.65000e+01
 716,               Northwestern LA,2.43904e+00,2.76918e+00,7.22400e+01,7.45200e+01
 765,                     SF Austin,2.42207e+00,2.75852e+00,7.10400e+01,7.91200e+01
 619,                        Howard,2.41466e+00,2.67962e+00,6.91786e+01,7.71786e+01
 657,                         Maine,2.41309e+00,2.86580e+00,6.90400e+01,7.86000e+01
 807,                     UC Irvine,2.40387e+00,3.17757e+00,6.22400e+01,7.08000e+01
 547,                   Chattanooga,2.39394e+00,2.89278e+00,6.31154e+01,6.58462e+01
 700,                 New Hampshire,2.39276e+00,2.76240e+00,6.50769e+01,7.08077e+01
 792,                Tennessee Tech,2.38395e+00,2.79434e+00,6.41481e+01,7.62593e+01
 610,                       Hampton,2.37144e+00,2.76628e+00,6.80769e+01,7.12308e+01
 682,                   Morehead St,2.36588e+00,3.02965e+00,6.35769e+01,7.48846e+01
 734,                  Prairie View,2.35886e+00,2.75306e+00,6.97308e+01,7.78077e+01
 833,                    W Carolina,2.34450e+00,2.78631e+00,6.97917e+01,7.41250e+01
 616,                    Holy Cross,2.33947e+00,2.60332e+00,6.84444e+01,7.67778e+01
 665,                    MD E Shore,2.33875e+00,2.69716e+00,6.80741e+01,7.28519e+01
 677,                   Missouri KC,2.30805e+00,2.82396e+00,6.80800e+01,7.39200e+01
 797,                     TN Martin,2.30703e+00,2.97396e+00,6.25000e+01,7.48462e+01
 508,                     Alcorn St,2.30546e+00,2.58306e+00,7.28000e+01,7.56800e+01
 707,                    Norfolk St,2.29214e+00,2.85347e+00,6.58800e+01,7.64000e+01
 761,                  SE Louisiana,2.28893e+00,2.63742e+00,7.68333e+01,8.66667e+01
 632,                    Jackson St,2.28177e+00,2.83954e+00,6.80800e+01,6.88800e+01
 774,                 Southern Utah,2.27595e+00,2.79910e+00,6.78800e+01,7.63600e+01
 621,                      Idaho St,2.26783e+00,2.81501e+00,6.80400e+01,8.19200e+01
 645,                       Liberty,2.26454e+00,2.61562e+00,6.41111e+01,6.99259e+01
 664,                    McNeese St,2.25832e+00,2.74166e+00,6.98400e+01,7.85600e+01
 590,                   FL Atlantic,2.25780e+00,2.97842e+00,6.17692e+01,7.78077e+01
 612,                       Harvard,2.25776e+00,2.44505e+00,6.94000e+01,6.92000e+01
 813,                          UMBC,2.25559e+00,2.57511e+00,6.91200e+01,7.07600e+01
 644,                        Lehigh,2.24186e+00,2.60635e+00,6.96000e+01,7.78400e+01
 545,                 Charleston So,2.23298e+00,2.46348e+00,6.85000e+01,7.95769e+01
 693,                        NC A&T,2.23090e+00,2.76448e+00,6.90800e+01,7.61200e+01
 598,                        Furman,2.22452e+00,2.62518e+00,6.14815e+01,6.76667e+01
 634,               Jacksonville St,2.21996e+00,2.47575e+00,7.54167e+01,8.10000e+01
 854,                          Yale,2.21485e+00,2.60737e+00,6.47200e+01,6.76400e+01
 608,                     Grambling,2.21151e+00,2.60438e+00,7.03600e+01,7.30800e+01
 745,                 Robert Morris,2.20796e+00,2.80914e+00,6.29231e+01,6.90769e+01
 502,                     Air Force,2.19342e+00,3.27357e+00,6.27619e+01,7.08571e+01
 522,                       Belmont,2.18456e+00,2.87031e+00,6.09200e+01,7.25200e+01
 571,                   Delaware St,2.17235e+00,2.94404e+00,6.82500e+01,8.15833e+01
 679,                   Monmouth NJ,2.16263e+00,2.84305e+00,6.01481e+01,7.22963e+01
 506,                    Alabama St,2.15166e+00,2.61646e+00,6.79615e+01,7.44615e+01
 586,                          ETSU,2.15087e+00,2.58195e+00,6.42400e+01,6.74400e+01
 752,                       Samford,2.15083e+00,2.48097e+00,6.80800e+01,6.74800e+01
 517,                          Army,2.14750e+00,2.60415e+00,6.43462e+01,7.65385e+01
 784,                       Stetson,2.14080e+00,2.60547e+00,6.87500e+01,7.27917e+01
 600,                   Ga Southern,2.12863e+00,2.69656e+00,6.23600e+01,6.96800e+01
 550,                       Citadel,2.10782e+00,2.51074e+00,6.32500e+01,6.27500e+01
 544,                  Central Conn,2.09742e+00,2.73985e+00,6.50400e+01,7.63200e+01
 850,                       Wofford,2.08072e+00,2.77997e+00,6.08750e+01,7.20833e+01
 800,                          Troy,2.06832e+00,2.46906e+00,6.89200e+01,8.20400e+01
 696,                   NE Illinois,2.04752e+00,2.79774e+00,6.76087e+01,8.27826e+01
 540,                      Campbell,2.04113e+00,2.58430e+00,6.35600e+01,7.30800e+01
 523,               Bethune-Cookman,2.03902e+00,2.92605e+00,6.05769e+01,7.93077e+01
 667,                        Mercer,2.01999e+00,2.66704e+00,6.64167e+01,7.69167e+01
 561,                       Cornell,2.00720e+00,2.41411e+00,6.23600e+01,6.58000e+01
 566,                 CS Sacramento,1.99716e+00,2.97817e+00,5.83200e+01,7.80400e+01
 531,                         Brown,1.97726e+00,2.58876e+00,5.68462e+01,6.81538e+01
 514,                Ark Pine Bluff,1.96258e+00,2.78684e+00,6.30800e+01,7.73200e+01
 567,                     Dartmouth,1.94327e+00,2.49488e+00,5.66923e+01,6.51923e+01
 553,                   Coastal Car,1.93715e+00,2.43915e+00,6.11600e+01,7.10400e+01
 558,                      Columbia,1.84826e+00,2.43080e+00,5.68000e+01,6.21200e+01
 848,                      Winthrop,1.84238e+00,2.53195e+00,6.02917e+01,7.18333e+01
 585,                          Elon,8.44156e-01,2.43768e+00,6.43636e+01,7.18182e+01
