 577,                          Duke,5.85014e+00,3.80461e+00,8.25152e+01,6.89697e+01
 793,                         Texas,5.02691e+00,3.53426e+00,7.61212e+01,6.00909e+01
 786,                      Syracuse,5.01043e+00,3.68662e+00,7.28529e+01,6.90000e+01
 666,                       Memphis,4.97704e+00,3.25984e+00,8.09091e+01,6.58788e+01
 559,                   Connecticut,4.97312e+00,3.66844e+00,8.13333e+01,6.54333e+01
 592,                       Florida,4.77067e+00,3.61144e+00,7.92727e+01,6.47879e+01
 708,                North Carolina,4.70596e+00,3.82557e+00,8.03793e+01,6.88966e+01
 671,                   Michigan St,4.65863e+00,3.65037e+00,7.39375e+01,6.85000e+01
 829,                     Villanova,4.64519e+00,3.69574e+00,7.54138e+01,6.37931e+01
 840,                    Washington,4.58540e+00,3.42624e+00,8.24000e+01,6.94333e+01
 527,                Boston College,4.49988e+00,3.68130e+00,7.45312e+01,6.68750e+01
 731,                    Pittsburgh,4.49427e+00,3.68946e+00,7.24516e+01,6.27742e+01
 511,                       Arizona,4.47477e+00,3.75609e+00,7.29355e+01,6.80645e+01
 628,                          Iowa,4.46680e+00,3.66305e+00,6.63939e+01,5.87576e+01
 839,                   Wake Forest,4.46171e+00,3.71342e+00,7.34545e+01,7.16970e+01
 640,                      Kentucky,4.45437e+00,3.71169e+00,7.04545e+01,6.56061e+01
 810,                          UCLA,4.45280e+00,3.61872e+00,6.85758e+01,5.91212e+01
 790,                     Tennessee,4.45176e+00,3.71763e+00,8.13214e+01,7.36786e+01
 636,                        Kansas,4.44075e+00,3.60383e+00,7.43548e+01,6.10645e+01
 720,                       Ohio St,4.33555e+00,3.57843e+00,7.47000e+01,6.35000e+01
 549,                    Cincinnati,4.29828e+00,3.75880e+00,7.40667e+01,6.96333e+01
 515,                      Arkansas,4.29204e+00,3.57760e+00,7.43226e+01,6.50645e+01
 655,                           LSU,4.28563e+00,3.67109e+00,7.47667e+01,6.52333e+01
 660,                     Marquette,4.26008e+00,3.62263e+00,7.42069e+01,6.96552e+01
 607,                       Gonzaga,4.25450e+00,3.41608e+00,8.01000e+01,7.24667e+01
 695,                      NC State,4.24043e+00,3.67452e+00,7.57000e+01,6.76667e+01
 662,                      Maryland,4.21622e+00,3.72632e+00,7.74333e+01,7.32000e+01
 843,                 West Virginia,4.21430e+00,3.77149e+00,7.06552e+01,6.50345e+01
 623,                      Illinois,4.21275e+00,3.55996e+00,6.99677e+01,5.80968e+01
 849,                     Wisconsin,4.16296e+00,3.61776e+00,7.10000e+01,6.47000e+01
 769,                South Carolina,4.08467e+00,3.71955e+00,6.71250e+01,6.27188e+01
 722,                   Oklahoma St,4.07313e+00,3.52911e+00,7.07188e+01,6.59062e+01
 629,                       Iowa St,4.05624e+00,3.57105e+00,7.65172e+01,7.43793e+01
 603,                    Georgetown,4.02080e+00,3.66705e+00,6.66667e+01,5.95333e+01
 539,                    California,3.99509e+00,3.66062e+00,6.92000e+01,6.47333e+01
 625,                       Indiana,3.99481e+00,3.72541e+00,7.11724e+01,6.58966e+01
 595,                    Florida St,3.96791e+00,3.68695e+00,7.73929e+01,6.94643e+01
 725,                        Oregon,3.95415e+00,3.54747e+00,6.92188e+01,6.56562e+01
 530,                       Bradley,3.91062e+00,3.27605e+00,7.15333e+01,6.43000e+01
 668,                      Miami FL,3.89559e+00,3.73267e+00,6.86452e+01,6.55161e+01
 699,                        Nevada,3.89509e+00,3.21362e+00,7.22258e+01,6.31935e+01
 717,                    Notre Dame,3.88690e+00,3.60551e+00,7.60000e+01,7.01786e+01
 504,                       Alabama,3.88366e+00,3.66640e+00,6.99655e+01,6.71379e+01
 556,                      Colorado,3.87359e+00,3.30934e+00,7.73793e+01,6.99310e+01
 846,                    Wichita St,3.86449e+00,3.29735e+00,6.83226e+01,6.15484e+01
 796,                    Texas Tech,3.82314e+00,3.53612e+00,6.83438e+01,6.85938e+01
 651,                    Louisville,3.80637e+00,3.61628e+00,6.98000e+01,6.46667e+01
 698,                      Nebraska,3.79599e+00,3.41939e+00,6.68438e+01,6.58438e+01
 670,                      Michigan,3.78561e+00,3.57883e+00,7.13214e+01,6.65000e+01
 678,                   Missouri St,3.75913e+00,3.29010e+00,7.53214e+01,6.63929e+01
 551,                       Clemson,3.74215e+00,3.56781e+00,7.37931e+01,6.84483e+01
 764,                    Seton Hall,3.73567e+00,3.61674e+00,6.78276e+01,6.64483e+01
 827,                    Vanderbilt,3.72531e+00,3.67165e+00,7.01724e+01,6.66207e+01
 754,                  San Diego St,3.72160e+00,3.17492e+00,7.39333e+01,6.68000e+01
 714,                 Northern Iowa,3.72054e+00,3.34171e+00,6.54333e+01,5.86333e+01
 746,                       Rutgers,3.70067e+00,3.46462e+00,6.80333e+01,6.48667e+01
 721,                      Oklahoma,3.69350e+00,3.50205e+00,6.86071e+01,6.30357e+01
 604,                       Georgia,3.65526e+00,3.63288e+00,7.03333e+01,7.09333e+01
 639,                          Kent,3.64986e+00,2.97382e+00,7.20625e+01,6.51250e+01
 627,                          Iona,3.64156e+00,3.16129e+00,8.03667e+01,7.19333e+01
 794,                     Texas A&M,3.64049e+00,3.38187e+00,6.92069e+01,6.04483e+01
 805,                           UAB,3.63668e+00,3.05569e+00,7.39310e+01,6.54138e+01
 737,                    Providence,3.63269e+00,3.66207e+00,7.48148e+01,7.46667e+01
 818,                           USC,3.61626e+00,3.56696e+00,6.88966e+01,6.74483e+01
 830,                      Virginia,3.61113e+00,3.73398e+00,6.85862e+01,6.78276e+01
 853,                        Xavier,3.60471e+00,3.07615e+00,7.14516e+01,6.29355e+01
 779,                St Joseph's PA,3.57688e+00,3.24873e+00,6.56774e+01,6.11290e+01
 673,                     Minnesota,3.57540e+00,3.54262e+00,6.58966e+01,6.44483e+01
 835,                    W Kentucky,3.56936e+00,2.96370e+00,7.81379e+01,7.15517e+01
 822,                       Utah St,3.56555e+00,3.11407e+00,7.14667e+01,6.43333e+01
 749,                    S Illinois,3.55924e+00,3.28570e+00,6.07742e+01,5.57419e+01
 615,                       Hofstra,3.55384e+00,2.93453e+00,7.34667e+01,6.72667e+01
 816,                UNC Wilmington,3.55341e+00,2.98136e+00,6.76562e+01,5.89688e+01
 789,                        Temple,3.54608e+00,3.32474e+00,6.22903e+01,5.89355e+01
 817,                          UNLV,3.53680e+00,3.31486e+00,6.94667e+01,6.64667e+01
 675,                Mississippi St,3.52508e+00,3.46153e+00,6.81000e+01,6.86000e+01
 782,                    St Peter's,3.51903e+00,3.11306e+00,7.45312e+01,7.52188e+01
 831,                 Virginia Tech,3.51665e+00,3.59691e+00,6.86667e+01,6.51667e+01
 606,                  Georgia Tech,3.50437e+00,3.72640e+00,7.18571e+01,7.21071e+01
 726,                     Oregon St,3.48235e+00,3.51459e+00,6.59032e+01,7.00000e+01
 652,                 Loy Marymount,3.45831e+00,3.26918e+00,7.26000e+01,7.46000e+01
 536,                           BYU,3.44502e+00,3.14667e+00,7.69259e+01,7.24074e+01
 562,                     Creighton,3.44319e+00,3.32157e+00,6.63929e+01,6.11429e+01
 599,                  G Washington,3.43347e+00,2.89830e+00,7.89643e+01,6.66786e+01
 753,                     San Diego,3.41419e+00,3.09361e+00,7.76552e+01,7.36897e+01
 729,                       Penn St,3.41297e+00,3.44687e+00,6.72414e+01,6.76552e+01
 702,                 New Mexico St,3.39706e+00,3.23648e+00,6.97586e+01,7.04828e+01
 557,                   Colorado St,3.39603e+00,3.17965e+00,7.25862e+01,7.18276e+01
 783,                      Stanford,3.39283e+00,3.59025e+00,6.64286e+01,6.55357e+01
 637,                     Kansas St,3.38655e+00,3.42568e+00,6.82500e+01,6.38571e+01
 602,                  George Mason,3.38095e+00,3.05927e+00,6.94000e+01,5.88333e+01
 723,                  Old Dominion,3.37995e+00,3.03526e+00,7.08667e+01,6.41667e+01
 573,                        DePaul,3.37490e+00,3.70287e+00,6.48889e+01,6.71111e+01
 647,                 Long Beach St,3.37438e+00,2.83961e+00,8.24138e+01,8.04483e+01
 535,                        Butler,3.35918e+00,2.99902e+00,6.89677e+01,6.17097e+01
 597,                     Fresno St,3.33723e+00,3.20731e+00,7.38214e+01,7.36786e+01
 650,                Louisiana Tech,3.33573e+00,3.26711e+00,6.57097e+01,6.30968e+01
 596,                       Fordham,3.33270e+00,3.02030e+00,6.77500e+01,6.74062e+01
 546,                     Charlotte,3.33047e+00,3.11991e+00,6.92333e+01,6.66333e+01
 503,                         Akron,3.32228e+00,2.98311e+00,7.14667e+01,6.61333e+01
 852,                       Wyoming,3.31355e+00,3.09402e+00,6.60000e+01,6.71935e+01
 534,                       Buffalo,3.31042e+00,2.93914e+00,7.16452e+01,7.05161e+01
 845,                  WI Milwaukee,3.29980e+00,3.06349e+00,7.35357e+01,6.57500e+01
 676,                      Missouri,3.29579e+00,3.45378e+00,6.62857e+01,7.04286e+01
 575,                         Drake,3.29187e+00,3.36451e+00,6.73103e+01,7.02069e+01
 658,                     Manhattan,3.28066e+00,3.15611e+00,7.66786e+01,7.52500e+01
 724,                  Oral Roberts,3.27938e+00,2.85702e+00,7.43226e+01,6.78065e+01
 659,                        Marist,3.25965e+00,3.03326e+00,7.68966e+01,7.24483e+01
 512,                    Arizona St,3.24328e+00,3.57041e+00,6.70714e+01,6.99286e+01
 712,                  Northeastern,3.23789e+00,2.97978e+00,7.41724e+01,7.06897e+01
 674,                   Mississippi,3.23766e+00,3.45117e+00,6.50333e+01,6.77000e+01
 518,                        Auburn,3.23313e+00,3.59237e+00,6.55714e+01,6.77143e+01
 716,               Northwestern LA,3.23077e+00,2.79757e+00,7.57586e+01,6.95862e+01
 727,                       Pacific,3.23066e+00,2.90738e+00,7.37241e+01,6.35862e+01
 617,                       Houston,3.22274e+00,2.95705e+00,7.06429e+01,6.52143e+01
 738,                        Purdue,3.22164e+00,3.59016e+00,6.46786e+01,7.08929e+01
 613,                        Hawaii,3.22113e+00,3.26738e+00,6.76071e+01,6.43929e+01
 768,                 South Alabama,3.21392e+00,2.82896e+00,7.41034e+01,6.58966e+01
 701,                    New Mexico,3.20295e+00,3.19761e+00,6.46333e+01,6.24333e+01
 622,                    IL Chicago,3.19098e+00,3.00505e+00,6.85667e+01,6.98667e+01
 781,                  St Mary's CA,3.18247e+00,3.20973e+00,6.98571e+01,6.71429e+01
 680,                       Montana,3.17253e+00,2.89367e+00,7.81481e+01,7.13333e+01
 582,                  E Washington,3.15515e+00,3.03661e+00,7.35862e+01,7.44138e+01
 522,                       Belmont,3.13605e+00,2.66899e+00,8.18333e+01,7.59333e+01
 526,                      Boise St,3.09386e+00,3.11100e+00,7.18929e+01,7.15357e+01
 587,                    Evansville,3.09156e+00,3.23641e+00,6.53448e+01,7.09655e+01
 766,                         Siena,3.08950e+00,3.15462e+00,7.44286e+01,7.28571e+01
 626,                    Indiana St,3.08803e+00,3.27800e+00,6.35714e+01,6.88214e+01
 798,                        Toledo,3.06253e+00,2.82751e+00,6.94667e+01,6.41667e+01
 569,                        Dayton,3.05636e+00,3.11928e+00,6.33667e+01,6.23333e+01
 719,                          Ohio,3.04296e+00,2.97866e+00,6.91034e+01,6.47586e+01
 654,                Loyola-Chicago,3.03527e+00,2.94901e+00,7.12500e+01,7.02857e+01
 713,              Northern Arizona,3.03508e+00,2.85248e+00,7.49286e+01,7.30714e+01
 756,                   San Jose St,3.03084e+00,3.21381e+00,6.50000e+01,7.04194e+01
 704,                       Niagara,3.03068e+00,3.07870e+00,7.37241e+01,7.63448e+01
 755,                 San Francisco,3.02787e+00,3.28738e+00,6.91071e+01,7.15000e+01
 844,                  WI Green Bay,3.02745e+00,3.02800e+00,6.54000e+01,6.89333e+01
 841,                 Washington St,3.01051e+00,3.68897e+00,5.81786e+01,5.77143e+01
 576,                        Drexel,2.99846e+00,3.08294e+00,6.22581e+01,5.97097e+01
 825,               VA Commonwealth,2.99788e+00,2.92374e+00,6.77241e+01,6.24483e+01
 566,                 CS Sacramento,2.99422e+00,2.89075e+00,7.53214e+01,7.55714e+01
 653,                     Loyola MD,2.98713e+00,3.00944e+00,7.68571e+01,7.81429e+01
 502,                     Air Force,2.98577e+00,3.14156e+00,6.35000e+01,5.45714e+01
 568,                      Davidson,2.97925e+00,2.86591e+00,7.55926e+01,7.01852e+01
 811,                           ULL,2.97737e+00,3.00443e+00,6.67586e+01,6.86552e+01
 641,                      La Salle,2.97524e+00,2.97517e+00,6.93214e+01,6.54643e+01
 821,                          Utah,2.96958e+00,3.19214e+00,6.46786e+01,6.47857e+01
 519,                   Austin Peay,2.95956e+00,2.67722e+00,7.18710e+01,7.12581e+01
 715,                  Northwestern,2.95563e+00,3.53644e+00,5.81071e+01,5.93214e+01
 572,                        Denver,2.95096e+00,2.80181e+00,6.64516e+01,6.59677e+01
 826,                    Valparaiso,2.93186e+00,2.86592e+00,7.76071e+01,7.48929e+01
 564,                  CS Fullerton,2.93025e+00,2.77665e+00,7.84286e+01,7.61071e+01
 792,                Tennessee Tech,2.92934e+00,2.79023e+00,7.11034e+01,7.19655e+01
 588,                   F Dickinson,2.92771e+00,2.65413e+00,7.34667e+01,7.11667e+01
 687,                     Murray St,2.92632e+00,2.71298e+00,7.11034e+01,6.14138e+01
 663,                 Massachusetts,2.92141e+00,3.17656e+00,6.48571e+01,6.37500e+01
 589,                     Fairfield,2.90522e+00,3.18615e+00,7.20714e+01,7.82500e+01
 780,                      St Louis,2.90365e+00,3.18950e+00,6.03103e+01,5.96207e+01
 732,                      Portland,2.90057e+00,3.13051e+00,6.88571e+01,7.40000e+01
 616,                    Holy Cross,2.89998e+00,2.63731e+00,6.63750e+01,6.04688e+01
 778,                     St John's,2.89960e+00,3.59443e+00,5.99630e+01,6.03704e+01
 848,                      Winthrop,2.88934e+00,2.66489e+00,7.26786e+01,6.10000e+01
 533,                      Bucknell,2.87783e+00,2.75818e+00,6.63103e+01,5.56552e+01
 771,                 South Florida,2.87592e+00,3.50890e+00,5.98621e+01,6.43103e+01
 690,                    N Illinois,2.87548e+00,2.92328e+00,7.05185e+01,6.78889e+01
 574,                       Detroit,2.87246e+00,3.05541e+00,6.32667e+01,6.57000e+01
 758,                   Santa Clara,2.86949e+00,3.24201e+00,6.67037e+01,6.96296e+01
 788,                           TCU,2.86567e+00,3.21775e+00,6.23333e+01,6.99333e+01
 548,                    Chicago St,2.86416e+00,2.93423e+00,6.86667e+01,7.37333e+01
 541,                      Canisius,2.85947e+00,3.03749e+00,7.06897e+01,7.49310e+01
 679,                   Monmouth NJ,2.85749e+00,2.65704e+00,6.48438e+01,6.40000e+01
 507,                     Albany NY,2.83179e+00,2.52906e+00,6.88710e+01,6.42903e+01
 516,                   Arkansas St,2.83150e+00,2.91296e+00,7.18929e+01,7.59286e+01
 824,                          UTEP,2.82664e+00,3.01633e+00,6.47037e+01,5.88889e+01
 634,               Jacksonville St,2.82528e+00,2.64411e+00,7.58214e+01,7.58214e+01
 669,                      Miami OH,2.82458e+00,3.05078e+00,6.32143e+01,6.03571e+01
 836,                    W Michigan,2.81218e+00,2.96344e+00,6.29333e+01,6.88333e+01
 672,                Middle Tenn St,2.81028e+00,2.97303e+00,6.98148e+01,7.00741e+01
 741,                  Rhode Island,2.80882e+00,3.03245e+00,6.35357e+01,6.51071e+01
 646,                      Lipscomb,2.80116e+00,2.68318e+00,7.27742e+01,6.68387e+01
 730,                    Pepperdine,2.79601e+00,3.39083e+00,6.59630e+01,7.30741e+01
 570,                      Delaware,2.78852e+00,3.01048e+00,6.61000e+01,7.08667e+01
 600,                   Ga Southern,2.78836e+00,2.65882e+00,7.64074e+01,7.30370e+01
 744,                         Rider,2.78022e+00,3.10778e+00,7.07500e+01,7.68571e+01
 807,                     UC Irvine,2.77527e+00,2.89232e+00,7.08889e+01,6.64815e+01
 580,                    E Kentucky,2.77141e+00,2.75261e+00,6.95517e+01,7.33793e+01
 643,                         Lamar,2.76881e+00,2.58611e+00,7.83704e+01,7.76667e+01
 540,                      Campbell,2.76571e+00,2.65549e+00,8.28214e+01,8.60000e+01
 799,                        Towson,2.76524e+00,2.90201e+00,6.97143e+01,7.49643e+01
 751,                Sam Houston St,2.75908e+00,2.66865e+00,7.18889e+01,7.17778e+01
 632,                    Jackson St,2.74232e+00,2.57228e+00,7.15806e+01,7.38710e+01
 586,                          ETSU,2.73322e+00,2.63867e+00,8.15714e+01,7.77857e+01
 544,                  Central Conn,2.71465e+00,2.46596e+00,7.24828e+01,6.78621e+01
 681,                    Montana St,2.71098e+00,2.84604e+00,7.30000e+01,7.44815e+01
 605,                    Georgia St,2.70225e+00,3.10072e+00,6.51034e+01,7.13103e+01
 621,                      Idaho St,2.68490e+00,2.76248e+00,7.66800e+01,7.80400e+01
 661,                      Marshall,2.67653e+00,2.83512e+00,6.58929e+01,6.91429e+01
 773,                 Southern Univ,2.67170e+00,2.62580e+00,6.57742e+01,6.45161e+01
 728,                          Penn,2.66674e+00,2.72099e+00,6.90000e+01,6.00741e+01
 757,                 Santa Barbara,2.66481e+00,2.95561e+00,6.65357e+01,6.60357e+01
 529,                 Bowling Green,2.65686e+00,2.97481e+00,6.47143e+01,7.29286e+01
 733,                   Portland St,2.65284e+00,3.03004e+00,7.10769e+01,7.22692e+01
 547,                   Chattanooga,2.65108e+00,2.66846e+00,6.93214e+01,7.16429e+01
 510,                Appalachian St,2.64627e+00,2.76416e+00,6.81429e+01,7.09643e+01
 784,                       Stetson,2.64127e+00,2.70488e+00,6.65312e+01,6.93125e+01
 601,                  Gardner Webb,2.64035e+00,2.74450e+00,6.90345e+01,7.14828e+01
 815,                UNC Greensboro,2.63175e+00,2.80535e+00,6.72759e+01,7.32414e+01
 775,                St Bonaventure,2.61560e+00,2.95764e+00,6.81111e+01,7.34444e+01
 800,                          Troy,2.60768e+00,2.80929e+00,7.20385e+01,7.11923e+01
 742,                          Rice,2.60283e+00,2.97852e+00,6.60385e+01,7.05385e+01
 711,                   North Texas,2.60271e+00,2.82822e+00,7.38800e+01,7.60800e+01
 752,                       Samford,2.59480e+00,2.74484e+00,6.37586e+01,6.07586e+01
 578,                      Duquesne,2.58981e+00,3.06809e+00,6.61481e+01,7.74444e+01
 819,                  UT Arlington,2.58491e+00,2.83821e+00,7.13846e+01,7.28462e+01
 571,                   Delaware St,2.58433e+00,2.78897e+00,5.76364e+01,5.71818e+01
 774,                 Southern Utah,2.57804e+00,2.77218e+00,6.80345e+01,7.15172e+01
 718,                       Oakland,2.57307e+00,2.81243e+00,7.22222e+01,7.75185e+01
 828,                       Vermont,2.55150e+00,2.58467e+00,6.45333e+01,6.48000e+01
 631,                         IUPUI,2.54160e+00,2.73143e+00,6.91111e+01,6.70000e+01
 565,                 CS Northridge,2.53955e+00,2.84510e+00,6.92222e+01,7.47037e+01
 614,                    High Point,2.53380e+00,2.50157e+00,7.31111e+01,7.37407e+01
 581,                    E Michigan,2.53252e+00,2.84795e+00,6.55357e+01,7.20000e+01
 635,                 James Madison,2.53242e+00,2.97549e+00,6.43929e+01,7.77143e+01
 649,                      Longwood,2.52971e+00,2.62026e+00,7.19286e+01,8.00000e+01
 767,                           SMU,2.52928e+00,2.78639e+00,6.55714e+01,6.38929e+01
 513,               Ark Little Rock,2.52837e+00,2.86442e+00,6.40714e+01,6.56071e+01
 620,                         Idaho,2.52565e+00,3.23574e+00,5.98214e+01,7.25357e+01
 560,                     Coppin St,2.52449e+00,2.82245e+00,6.39667e+01,6.88000e+01
 851,                     Wright St,2.51954e+00,2.93909e+00,6.26667e+01,6.48519e+01
 590,                   FL Atlantic,2.51766e+00,2.59708e+00,7.33929e+01,7.27500e+01
 740,                       Radford,2.51511e+00,2.51651e+00,7.27778e+01,7.35185e+01
 855,                 Youngstown St,2.51464e+00,2.90099e+00,6.71481e+01,7.24074e+01
 820,                UT San Antonio,2.51456e+00,2.66029e+00,7.30769e+01,7.54615e+01
 506,                    Alabama St,2.51404e+00,2.57529e+00,6.61667e+01,7.05667e+01
 854,                          Yale,2.51289e+00,2.46787e+00,6.68621e+01,6.83103e+01
 748,                   S Dakota St,2.50906e+00,2.92306e+00,6.30714e+01,7.44643e+01
 703,                   New Orleans,2.50450e+00,3.01546e+00,6.35556e+01,7.01852e+01
 791,                  Tennessee St,2.49939e+00,2.70775e+00,6.94074e+01,6.99259e+01
 593,                   Florida A&M,2.49892e+00,2.69561e+00,6.66000e+01,7.21000e+01
 554,                Col Charleston,2.49299e+00,2.61196e+00,7.15000e+01,6.81538e+01
 847,                William & Mary,2.49221e+00,2.92907e+00,6.48214e+01,6.94286e+01
 686,                  Mt St Mary's,2.48921e+00,2.61031e+00,6.46333e+01,6.65000e+01
 677,                   Missouri KC,2.48799e+00,2.71726e+00,7.03704e+01,7.51852e+01
 739,                    Quinnipiac,2.48414e+00,2.54003e+00,7.23333e+01,7.46296e+01
 624,                   Illinois St,2.47884e+00,3.30050e+00,5.55556e+01,5.94074e+01
 797,                     TN Martin,2.47536e+00,2.73675e+00,7.18077e+01,7.44231e+01
 745,                 Robert Morris,2.46658e+00,2.59139e+00,7.13704e+01,7.31481e+01
 538,                  Cal Poly SLO,2.46381e+00,2.93575e+00,6.47407e+01,7.07407e+01
 801,                        Tulane,2.45965e+00,2.96470e+00,6.15926e+01,6.63704e+01
 809,                           UCF,2.45863e+00,2.88520e+00,6.22963e+01,6.34815e+01
 802,                         Tulsa,2.44962e+00,2.90188e+00,6.14074e+01,6.60000e+01
 772,                 Southern Miss,2.44739e+00,3.04686e+00,5.86071e+01,6.83929e+01
 743,                      Richmond,2.44353e+00,3.08480e+00,5.20667e+01,5.78333e+01
 787,                TAM C. Christi,2.43491e+00,2.64325e+00,7.82917e+01,6.78750e+01
 808,                  UC Riverside,2.42613e+00,2.85633e+00,6.57037e+01,7.77778e+01
 664,                    McNeese St,2.41829e+00,2.65546e+00,7.08000e+01,7.38000e+01
 813,                          UMBC,2.41574e+00,2.58543e+00,6.68966e+01,7.01034e+01
 552,                  Cleveland St,2.41136e+00,3.05496e+00,6.31923e+01,7.09615e+01
 509,                 American Univ,2.40508e+00,2.59125e+00,6.37931e+01,6.79655e+01
 707,                    Norfolk St,2.40010e+00,2.65790e+00,6.18710e+01,6.50968e+01
 553,                   Coastal Car,2.39947e+00,2.55050e+00,6.92308e+01,6.79231e+01
 833,                    W Carolina,2.38175e+00,2.79477e+00,6.54074e+01,6.91111e+01
 585,                          Elon,2.38005e+00,2.83350e+00,6.50385e+01,6.90769e+01
 806,                      UC Davis,2.37559e+00,2.81169e+00,6.52593e+01,7.36667e+01
 644,                        Lehigh,2.37535e+00,2.54588e+00,6.13103e+01,6.03448e+01
 610,                       Hampton,2.36714e+00,2.39159e+00,6.68065e+01,6.38065e+01
 523,               Bethune-Cookman,2.36301e+00,2.59906e+00,6.54000e+01,6.85667e+01
 750,                  Sacred Heart,2.35740e+00,2.55899e+00,6.61786e+01,6.79286e+01
 705,                   Nicholls St,2.35562e+00,2.71287e+00,6.90385e+01,8.01538e+01
 804,                   TX Southern,2.34579e+00,2.72248e+00,6.63214e+01,7.80357e+01
 520,                       Ball St,2.34344e+00,2.93072e+00,6.25385e+01,6.54615e+01
 667,                        Mercer,2.34285e+00,2.60390e+00,7.35000e+01,8.05714e+01
 594,                  Florida Intl,2.33856e+00,2.97509e+00,6.12963e+01,6.98519e+01
 688,                    N Colorado,2.33560e+00,2.90743e+00,6.45556e+01,7.52222e+01
 689,                   N Dakota St,2.33369e+00,2.76989e+00,6.99583e+01,6.77083e+01
 765,                     SF Austin,2.32706e+00,2.50185e+00,7.03846e+01,6.67692e+01
 633,                  Jacksonville,2.32680e+00,2.76515e+00,7.34444e+01,8.61111e+01
 612,                       Harvard,2.31800e+00,2.39321e+00,6.69259e+01,6.82963e+01
 524,                    Binghamton,2.31462e+00,2.49200e+00,6.24828e+01,6.14828e+01
 842,                      Weber St,2.31061e+00,2.88968e+00,6.52000e+01,7.03600e+01
 598,                        Furman,2.30712e+00,2.64218e+00,6.92400e+01,6.95600e+01
 814,                 UNC Asheville,2.28365e+00,2.74655e+00,6.63462e+01,7.66154e+01
 648,                   Long Island,2.27679e+00,2.48376e+00,6.85556e+01,7.27407e+01
 508,                     Alcorn St,2.27214e+00,2.57931e+00,6.60000e+01,7.30714e+01
 823,                   Utah Valley,2.27188e+00,2.48764e+00,6.57037e+01,6.51111e+01
 850,                       Wofford,2.26096e+00,2.84337e+00,6.51600e+01,7.00800e+01
 583,                 East Carolina,2.25577e+00,2.84745e+00,6.07692e+01,6.71538e+01
 747,                 S Carolina St,2.25308e+00,2.62787e+00,6.03000e+01,6.38667e+01
 630,                          IPFW,2.24942e+00,2.80274e+00,6.27308e+01,7.01923e+01
 700,                 New Hampshire,2.24171e+00,2.55965e+00,5.93103e+01,6.45862e+01
 638,                      Kennesaw,2.23532e+00,2.64567e+00,7.02692e+01,7.63077e+01
 525,                 Birmingham So,2.22977e+00,2.46365e+00,6.69231e+01,6.46154e+01
 776,                 St Francis NY,2.22135e+00,2.64068e+00,6.37407e+01,6.71111e+01
 611,                      Hartford,2.22080e+00,2.42525e+00,6.70000e+01,6.76296e+01
 838,                        Wagner,2.20764e+00,2.53799e+00,6.63846e+01,6.74615e+01
 834,                    W Illinois,2.20607e+00,2.82852e+00,6.49231e+01,7.34231e+01
 812,                           ULM,2.19483e+00,2.89207e+00,6.28000e+01,7.21600e+01
 561,                       Cornell,2.19199e+00,2.51984e+00,6.23704e+01,6.38519e+01
 537,                    C Michigan,2.18999e+00,2.89832e+00,5.89630e+01,7.03333e+01
 543,                     Centenary,2.18590e+00,2.74723e+00,6.58462e+01,7.76538e+01
 665,                    MD E Shore,2.18075e+00,2.51173e+00,6.48966e+01,7.47241e+01
 528,                   Boston Univ,2.17783e+00,2.67346e+00,5.89286e+01,5.96071e+01
 619,                        Howard,2.17539e+00,2.56791e+00,6.49310e+01,7.06552e+01
 761,                  SE Louisiana,2.17218e+00,2.66905e+00,6.69583e+01,6.57500e+01
 693,                        NC A&T,2.17054e+00,2.65302e+00,6.17241e+01,7.11724e+01
 642,                     Lafayette,2.16764e+00,2.54646e+00,6.54615e+01,7.28077e+01
 545,                 Charleston So,2.14921e+00,2.53821e+00,6.73200e+01,7.14400e+01
 803,               TX Pan American,2.14689e+00,2.81792e+00,5.88889e+01,7.42222e+01
 645,                       Liberty,2.12888e+00,2.66229e+00,6.18148e+01,7.44074e+01
 785,                   Stony Brook,2.08624e+00,2.66741e+00,5.81786e+01,6.88214e+01
 692,                          Navy,2.08064e+00,2.44899e+00,6.56538e+01,7.16154e+01
 558,                      Columbia,2.07804e+00,2.36600e+00,6.33462e+01,6.83462e+01
 550,                       Citadel,2.06358e+00,2.52274e+00,6.25185e+01,7.55926e+01
 579,                    E Illinois,2.05366e+00,2.66768e+00,5.92222e+01,6.79259e+01
 734,                  Prairie View,2.04531e+00,2.53189e+00,6.51111e+01,8.07778e+01
 555,                       Colgate,2.04148e+00,2.53085e+00,5.77857e+01,6.22500e+01
 567,                     Dartmouth,2.03663e+00,2.45958e+00,6.04444e+01,6.72222e+01
 832,                           VMI,2.03148e+00,2.57140e+00,6.84167e+01,7.79167e+01
 608,                     Grambling,2.02470e+00,2.43068e+00,6.65200e+01,7.03600e+01
 505,                   Alabama A&M,2.02431e+00,2.51918e+00,7.39565e+01,7.26522e+01
 521,                        Baylor,2.02103e+00,3.95511e+00,6.31765e+01,7.25294e+01
 762,                SE Missouri St,2.01665e+00,2.68704e+00,6.28400e+01,7.04000e+01
 657,                         Maine,2.00971e+00,2.48923e+00,6.33077e+01,6.97692e+01
 685,                  MS Valley St,2.00948e+00,2.50617e+00,6.07407e+01,6.96296e+01
 683,                     Morgan St,2.00684e+00,2.69179e+00,5.48667e+01,7.43667e+01
 531,                         Brown,1.99946e+00,2.34828e+00,5.97407e+01,6.44444e+01
 777,                 St Francis PA,1.99136e+00,2.60256e+00,5.94444e+01,7.10000e+01
 710,                 North Florida,1.96841e+00,2.53537e+00,6.87308e+01,7.63846e+01
 514,                Ark Pine Bluff,1.96350e+00,2.41721e+00,6.13333e+01,6.30000e+01
 682,                   Morehead St,1.95625e+00,2.73308e+00,5.98462e+01,7.47308e+01
 795,                      Texas St,1.92806e+00,2.70214e+00,6.24167e+01,7.50000e+01
 736,                     Princeton,1.88592e+00,2.61711e+00,5.21538e+01,5.57308e+01
 759,                   Savannah St,1.82793e+00,2.79615e+00,5.50000e+01,8.27778e+01
 517,                          Army,1.66685e+00,2.47532e+00,5.44800e+01,6.86800e+01
