 786,                      Syracuse,5.23260e+00,3.74462e+00,8.09706e+01,7.29118e+01
 708,                North Carolina,5.12348e+00,3.68107e+00,8.93871e+01,7.28710e+01
 577,                          Duke,5.09056e+00,3.81244e+00,7.80294e+01,6.56176e+01
 651,                    Louisville,4.68510e+00,3.76278e+00,7.39394e+01,6.16061e+01
 676,                      Missouri,4.68245e+00,3.44667e+00,8.11176e+01,6.64706e+01
 840,                    Washington,4.66322e+00,3.52631e+00,7.89394e+01,6.96061e+01
 731,                    Pittsburgh,4.63408e+00,3.74510e+00,7.77097e+01,6.41613e+01
 829,                     Villanova,4.62160e+00,3.71703e+00,7.65455e+01,6.70000e+01
 722,                   Oklahoma St,4.57418e+00,3.61255e+00,8.11212e+01,7.42121e+01
 559,                   Connecticut,4.51548e+00,3.66387e+00,7.73226e+01,6.39677e+01
 721,                      Oklahoma,4.50864e+00,3.58106e+00,7.91875e+01,6.78125e+01
 636,                        Kansas,4.50794e+00,3.66279e+00,7.71250e+01,6.58125e+01
 843,                 West Virginia,4.47040e+00,3.73411e+00,7.23824e+01,6.16176e+01
 790,                     Tennessee,4.46616e+00,3.56535e+00,7.84848e+01,7.23636e+01
 660,                     Marquette,4.46410e+00,3.61527e+00,7.88485e+01,6.94545e+01
 839,                   Wake Forest,4.44916e+00,3.62542e+00,8.13667e+01,7.03000e+01
 810,                          UCLA,4.38532e+00,3.54307e+00,7.60000e+01,6.32727e+01
 671,                   Michigan St,4.38355e+00,3.58754e+00,7.19062e+01,6.29062e+01
 595,                    Florida St,4.35687e+00,3.65936e+00,6.86176e+01,6.50000e+01
 527,                Boston College,4.31854e+00,3.54536e+00,7.49394e+01,7.04545e+01
 662,                      Maryland,4.29423e+00,3.65424e+00,7.14545e+01,6.84545e+01
 521,                        Baylor,4.27360e+00,3.66944e+00,7.53333e+01,7.09394e+01
 738,                        Purdue,4.27120e+00,3.43269e+00,6.93529e+01,5.91176e+01
 539,                    California,4.24781e+00,3.53872e+00,7.50312e+01,6.83438e+01
 666,                       Memphis,4.23580e+00,3.25134e+00,7.40588e+01,5.68824e+01
 793,                         Texas,4.23176e+00,3.69200e+00,7.23333e+01,6.54545e+01
 737,                    Providence,4.22778e+00,3.60863e+00,7.84688e+01,7.66562e+01
 551,                       Clemson,4.21935e+00,3.48371e+00,7.89677e+01,6.82258e+01
 512,                    Arizona St,4.18911e+00,3.61291e+00,6.95455e+01,6.00606e+01
 511,                       Arizona,4.16656e+00,3.61208e+00,7.21875e+01,6.84375e+01
 717,                    Notre Dame,4.14280e+00,3.61901e+00,7.65938e+01,7.11875e+01
 818,                           USC,4.09440e+00,3.70720e+00,6.83636e+01,6.34848e+01
 675,                Mississippi St,4.09173e+00,3.35135e+00,7.40294e+01,6.90294e+01
 853,                        Xavier,4.02778e+00,3.31091e+00,7.23750e+01,6.24062e+01
 796,                    Texas Tech,3.99724e+00,3.60662e+00,7.48750e+01,7.78750e+01
 592,                       Florida,3.98766e+00,3.35562e+00,7.73939e+01,6.76970e+01
 831,                 Virginia Tech,3.95885e+00,3.62781e+00,7.15000e+01,6.91562e+01
 821,                          Utah,3.94028e+00,3.29886e+00,7.09688e+01,6.34688e+01
 655,                           LSU,3.92506e+00,3.26176e+00,7.49091e+01,6.54848e+01
 720,                       Ohio St,3.92496e+00,3.47899e+00,6.66875e+01,6.16250e+01
 603,                    Georgetown,3.91242e+00,3.80154e+00,6.92000e+01,6.35333e+01
 623,                      Illinois,3.90127e+00,3.47120e+00,6.46061e+01,5.66061e+01
 536,                           BYU,3.90107e+00,3.14654e+00,7.71935e+01,6.47419e+01
 670,                      Michigan,3.89683e+00,3.54391e+00,6.68438e+01,6.33125e+01
 794,                     Texas A&M,3.86514e+00,3.45796e+00,7.17188e+01,6.63438e+01
 640,                      Kentucky,3.86127e+00,3.42834e+00,7.47576e+01,6.62424e+01
 578,                      Duquesne,3.83468e+00,3.13112e+00,7.80303e+01,7.34848e+01
 741,                  Rhode Island,3.81295e+00,3.17877e+00,7.98750e+01,7.26250e+01
 766,                         Siena,3.80894e+00,3.04438e+00,7.76667e+01,7.00303e+01
 607,                       Gonzaga,3.80777e+00,3.20096e+00,7.88000e+01,6.15667e+01
 783,                      Stanford,3.79509e+00,3.49820e+00,7.29032e+01,6.88710e+01
 764,                    Seton Hall,3.71226e+00,3.61345e+00,7.36774e+01,7.26129e+01
 637,                     Kansas St,3.70424e+00,3.40793e+00,7.54516e+01,6.63548e+01
 562,                     Creighton,3.70177e+00,2.99371e+00,7.36061e+01,6.53636e+01
 789,                        Temple,3.69551e+00,3.30900e+00,6.89697e+01,6.33939e+01
 701,                    New Mexico,3.68804e+00,3.18425e+00,7.37188e+01,6.57812e+01
 673,                     Minnesota,3.68255e+00,3.39077e+00,6.61613e+01,6.14516e+01
 805,                           UAB,3.67709e+00,3.17583e+00,7.26364e+01,6.58788e+01
 518,                        Auburn,3.66013e+00,3.26553e+00,7.22500e+01,6.59688e+01
 549,                    Cincinnati,3.65027e+00,3.57858e+00,6.83438e+01,6.63438e+01
 729,                       Penn St,3.64958e+00,3.28850e+00,6.60000e+01,6.20909e+01
 606,                  Georgia Tech,3.62925e+00,3.64663e+00,7.12258e+01,7.14839e+01
 668,                      Miami FL,3.62174e+00,3.70294e+00,7.21034e+01,6.63103e+01
 704,                       Niagara,3.60622e+00,2.87961e+00,7.65588e+01,6.76765e+01
 769,                South Carolina,3.60243e+00,3.24824e+00,7.87333e+01,7.13000e+01
 674,                   Mississippi,3.58067e+00,3.39419e+00,7.27097e+01,7.22903e+01
 824,                          UTEP,3.57446e+00,3.19052e+00,7.55161e+01,7.19032e+01
 617,                       Houston,3.56770e+00,3.08314e+00,7.67500e+01,6.90625e+01
 817,                          UNLV,3.55682e+00,3.19233e+00,6.90323e+01,6.42258e+01
 849,                     Wisconsin,3.55019e+00,3.50122e+00,6.43871e+01,5.90000e+01
 725,                        Oregon,3.53073e+00,3.73170e+00,6.73548e+01,7.61290e+01
 695,                      NC State,3.52523e+00,3.55520e+00,7.29667e+01,6.95667e+01
 569,                        Dayton,3.52145e+00,3.09578e+00,6.75152e+01,6.15152e+01
 822,                       Utah St,3.49803e+00,2.88870e+00,7.29091e+01,6.24545e+01
 624,                   Illinois St,3.49285e+00,2.90608e+00,7.07576e+01,6.27879e+01
 778,                     St John's,3.47793e+00,3.60829e+00,6.58485e+01,6.73636e+01
 714,                 Northern Iowa,3.44992e+00,3.04247e+00,6.76970e+01,6.35455e+01
 802,                         Tulsa,3.42673e+00,3.20049e+00,6.71212e+01,6.16061e+01
 504,                       Alabama,3.41914e+00,3.41932e+00,7.28333e+01,7.13333e+01
 754,                  San Diego St,3.41242e+00,3.18424e+00,6.74194e+01,6.01290e+01
 825,               VA Commonwealth,3.41040e+00,2.85904e+00,7.20000e+01,6.33636e+01
 827,                    Vanderbilt,3.40829e+00,3.27802e+00,7.04839e+01,6.55806e+01
 702,                 New Mexico St,3.38952e+00,3.02063e+00,7.63438e+01,7.43750e+01
 515,                      Arkansas,3.36592e+00,3.33483e+00,7.46000e+01,7.37667e+01
 573,                        DePaul,3.35742e+00,3.63838e+00,6.43333e+01,7.24242e+01
 568,                      Davidson,3.33899e+00,2.87042e+00,7.74688e+01,6.50000e+01
 554,                Col Charleston,3.33565e+00,2.63488e+00,7.69412e+01,7.20882e+01
 715,                  Northwestern,3.32633e+00,3.41206e+00,6.36000e+01,6.02667e+01
 699,                        Nevada,3.32471e+00,3.02660e+00,6.96250e+01,6.65938e+01
 830,                      Virginia,3.30520e+00,3.83181e+00,7.00000e+01,7.24643e+01
 781,                  St Mary's CA,3.30274e+00,2.97054e+00,7.27667e+01,6.46333e+01
 841,                 Washington St,3.29348e+00,3.68071e+00,5.92812e+01,5.50312e+01
 852,                       Wyoming,3.28056e+00,3.12098e+00,7.34667e+01,7.49667e+01
 844,                  WI Green Bay,3.27472e+00,2.80585e+00,7.31935e+01,6.59677e+01
 718,                       Oakland,3.25758e+00,2.78559e+00,7.44242e+01,7.09697e+01
 779,                St Joseph's PA,3.25256e+00,3.17762e+00,6.82500e+01,6.62500e+01
 628,                          Iowa,3.24393e+00,3.43277e+00,6.02188e+01,5.96250e+01
 743,                      Richmond,3.24360e+00,3.14526e+00,6.93438e+01,6.72500e+01
 552,                  Cleveland St,3.24328e+00,3.02070e+00,6.49688e+01,5.98438e+01
 535,                        Butler,3.23966e+00,2.93829e+00,6.70000e+01,5.82000e+01
 641,                      La Salle,3.23284e+00,3.10007e+00,7.11935e+01,6.88710e+01
 629,                       Iowa St,3.21974e+00,3.39512e+00,6.49375e+01,6.56250e+01
 835,                    W Kentucky,3.17163e+00,2.82792e+00,7.20968e+01,6.69355e+01
 663,                 Massachusetts,3.15993e+00,3.26333e+00,7.08966e+01,7.37931e+01
 530,                       Bradley,3.15289e+00,3.03302e+00,6.67812e+01,6.63438e+01
 698,                      Nebraska,3.15012e+00,3.40164e+00,6.42667e+01,5.96333e+01
 546,                     Charlotte,3.13320e+00,3.23402e+00,6.87097e+01,7.03871e+01
 732,                      Portland,3.11865e+00,2.89609e+00,7.00968e+01,6.68387e+01
 733,                   Portland St,3.10511e+00,2.64442e+00,7.37097e+01,6.83548e+01
 746,                       Rutgers,3.10308e+00,3.54231e+00,6.31562e+01,6.65938e+01
 597,                     Fresno St,3.09824e+00,2.84957e+00,6.76176e+01,6.97647e+01
 547,                   Chattanooga,3.09432e+00,2.83307e+00,7.50000e+01,7.64688e+01
 604,                       Georgia,3.09037e+00,3.35705e+00,6.49062e+01,6.99062e+01
 689,                   N Dakota St,3.07080e+00,2.58650e+00,7.91333e+01,6.90000e+01
 832,                           VMI,3.05165e+00,2.43162e+00,9.01786e+01,8.59643e+01
 503,                         Akron,3.05083e+00,2.69832e+00,6.64118e+01,6.05000e+01
 711,                   North Texas,3.04570e+00,2.71768e+00,7.69355e+01,7.49677e+01
 557,                   Colorado St,3.04481e+00,3.11544e+00,6.88667e+01,7.39000e+01
 635,                 James Madison,3.03878e+00,2.75408e+00,7.09091e+01,6.85152e+01
 526,                      Boise St,3.03262e+00,2.94235e+00,7.17667e+01,7.17000e+01
 846,                    Wichita St,3.02798e+00,3.04269e+00,6.24375e+01,6.19062e+01
 586,                          ETSU,3.02740e+00,2.54395e+00,7.80938e+01,7.01562e+01
 828,                       Vermont,3.02269e+00,2.61014e+00,7.70000e+01,6.70645e+01
 745,                 Robert Morris,3.00510e+00,2.60335e+00,7.07353e+01,6.50294e+01
 771,                 South Florida,2.99667e+00,3.65932e+00,5.90323e+01,6.45806e+01
 809,                           UCF,2.99286e+00,3.00591e+00,7.04000e+01,6.99333e+01
 744,                         Rider,2.97867e+00,2.76051e+00,7.22258e+01,7.07097e+01
 647,                 Long Beach St,2.95446e+00,2.90498e+00,7.12667e+01,7.25667e+01
 800,                          Troy,2.95350e+00,2.75616e+00,7.76333e+01,7.69667e+01
 602,                  George Mason,2.95146e+00,2.81212e+00,6.61250e+01,6.00625e+01
 816,                UNC Wilmington,2.94575e+00,2.87085e+00,7.12500e+01,8.35312e+01
 625,                       Indiana,2.94267e+00,3.53184e+00,5.93667e+01,7.03667e+01
 639,                          Kent,2.93553e+00,2.79235e+00,6.80000e+01,6.49062e+01
 851,                     Wright St,2.92657e+00,2.82733e+00,6.04545e+01,5.74848e+01
 534,                       Buffalo,2.92562e+00,2.81001e+00,6.50625e+01,6.23125e+01
 845,                  WI Milwaukee,2.92161e+00,2.85941e+00,6.73667e+01,6.83000e+01
 589,                     Fairfield,2.91443e+00,2.98716e+00,6.54062e+01,6.72500e+01
 575,                         Drake,2.91071e+00,2.98450e+00,6.40645e+01,6.27097e+01
 633,                  Jacksonville,2.90472e+00,2.67994e+00,7.42258e+01,6.85806e+01
 564,                  CS Fullerton,2.90352e+00,2.75629e+00,7.22258e+01,7.40645e+01
 522,                       Belmont,2.89832e+00,2.64698e+00,7.65806e+01,7.05806e+01
 806,                      UC Davis,2.88780e+00,2.64548e+00,7.30625e+01,7.41250e+01
 758,                   Santa Clara,2.88155e+00,2.91964e+00,6.54516e+01,6.55484e+01
 661,                      Marshall,2.87666e+00,3.09459e+00,6.87586e+01,7.13448e+01
 799,                        Towson,2.87020e+00,2.76957e+00,6.50882e+01,7.05588e+01
 726,                     Oregon St,2.86596e+00,3.52874e+00,5.91034e+01,6.28621e+01
 788,                           TCU,2.86556e+00,3.19625e+00,6.32667e+01,6.50000e+01
 587,                    Evansville,2.86468e+00,3.03114e+00,6.65517e+01,6.53448e+01
 667,                        Mercer,2.85899e+00,2.74658e+00,7.42903e+01,7.63226e+01
 780,                      St Louis,2.85881e+00,3.09184e+00,6.22258e+01,6.16452e+01
 742,                          Rice,2.85054e+00,3.09785e+00,6.37500e+01,7.10312e+01
 626,                    Indiana St,2.84914e+00,3.05199e+00,6.30000e+01,6.84194e+01
 772,                 Southern Miss,2.84796e+00,3.15704e+00,6.63103e+01,6.85862e+01
 775,                St Bonaventure,2.84285e+00,2.97174e+00,7.01000e+01,7.11667e+01
 622,                    IL Chicago,2.84259e+00,2.89579e+00,6.69000e+01,6.59333e+01
 565,                 CS Northridge,2.84179e+00,2.77070e+00,7.37586e+01,7.01724e+01
 570,                      Delaware,2.83705e+00,2.75285e+00,6.79375e+01,7.01250e+01
 749,                    S Illinois,2.82728e+00,3.17853e+00,6.33333e+01,6.61667e+01
 548,                    Chicago St,2.82180e+00,2.43379e+00,8.28333e+01,8.08667e+01
 682,                   Morehead St,2.82163e+00,2.62127e+00,6.93438e+01,6.86875e+01
 724,                  Oral Roberts,2.82030e+00,2.88173e+00,7.04000e+01,6.66667e+01
 768,                 South Alabama,2.81492e+00,2.76963e+00,6.91562e+01,6.71250e+01
 519,                   Austin Peay,2.81316e+00,2.59428e+00,7.45000e+01,7.48000e+01
 621,                      Idaho St,2.80770e+00,2.89758e+00,6.49677e+01,6.83548e+01
 556,                      Colorado,2.80719e+00,3.42198e+00,6.28667e+01,6.79667e+01
 653,                     Loyola MD,2.79963e+00,2.92968e+00,6.70938e+01,7.16875e+01
 719,                          Ohio,2.78805e+00,2.73574e+00,6.48438e+01,6.50000e+01
 615,                       Hofstra,2.77811e+00,2.78042e+00,6.64516e+01,6.69677e+01
 723,                  Old Dominion,2.77475e+00,2.77307e+00,6.60968e+01,6.07742e+01
 659,                        Marist,2.76475e+00,2.88351e+00,6.39697e+01,6.93636e+01
 842,                      Weber St,2.76255e+00,2.70316e+00,7.06552e+01,6.64828e+01
 620,                         Idaho,2.74655e+00,2.91797e+00,6.52333e+01,6.54000e+01
 740,                       Radford,2.72878e+00,2.63456e+00,7.47931e+01,7.25517e+01
 513,               Ark Little Rock,2.72786e+00,2.67156e+00,6.64194e+01,6.33548e+01
 688,                    N Colorado,2.72629e+00,2.60361e+00,7.06774e+01,7.13226e+01
 632,                    Jackson St,2.71389e+00,2.57504e+00,6.99091e+01,7.05455e+01
 678,                   Missouri St,2.70708e+00,3.01197e+00,6.08710e+01,6.40000e+01
 712,                  Northeastern,2.70468e+00,2.88234e+00,6.23667e+01,5.98333e+01
 672,                Middle Tenn St,2.69158e+00,2.73582e+00,6.96774e+01,6.64839e+01
 797,                     TN Martin,2.69148e+00,2.54599e+00,7.66552e+01,7.08621e+01
 801,                        Tulane,2.69067e+00,2.97445e+00,6.43333e+01,6.65333e+01
 683,                     Morgan St,2.68876e+00,2.57216e+00,6.69394e+01,6.15758e+01
 583,                 East Carolina,2.68476e+00,3.05450e+00,7.19259e+01,7.61852e+01
 669,                      Miami OH,2.68243e+00,2.94874e+00,6.15667e+01,5.88667e+01
 510,                Appalachian St,2.67742e+00,2.73406e+00,7.48000e+01,7.78000e+01
 645,                       Liberty,2.67700e+00,2.56119e+00,7.38276e+01,7.23103e+01
 524,                    Binghamton,2.67610e+00,2.47731e+00,6.99000e+01,6.69333e+01
 750,                  Sacred Heart,2.67345e+00,2.52330e+00,7.34516e+01,6.99032e+01
 654,                Loyola-Chicago,2.67324e+00,2.79297e+00,6.28065e+01,6.67097e+01
 561,                       Cornell,2.67312e+00,2.47587e+00,7.32069e+01,6.49655e+01
 686,                  Mt St Mary's,2.67141e+00,2.60088e+00,6.82188e+01,6.28125e+01
 650,                Louisiana Tech,2.67116e+00,2.76847e+00,6.34688e+01,6.31562e+01
 727,                       Pacific,2.66555e+00,2.82330e+00,6.62667e+01,6.22667e+01
 787,                TAM C. Christi,2.64547e+00,2.72150e+00,6.67000e+01,6.78000e+01
 748,                   S Dakota St,2.64493e+00,2.67411e+00,6.83548e+01,7.16129e+01
 681,                    Montana St,2.61999e+00,2.67540e+00,6.58333e+01,6.95333e+01
 753,                     San Diego,2.61539e+00,3.02814e+00,6.04000e+01,6.18667e+01
 646,                      Lipscomb,2.61220e+00,2.45770e+00,7.49667e+01,7.02333e+01
 807,                     UC Irvine,2.59347e+00,2.73899e+00,6.54194e+01,6.88387e+01
 819,                  UT Arlington,2.59143e+00,2.49199e+00,7.71852e+01,7.48519e+01
 767,                           SMU,2.58932e+00,3.12071e+00,6.36207e+01,6.87931e+01
 599,                  G Washington,2.58609e+00,3.04384e+00,6.61786e+01,6.85714e+01
 528,                   Boston Univ,2.58169e+00,2.55064e+00,6.86000e+01,6.63000e+01
 757,                 Santa Barbara,2.58147e+00,2.74970e+00,6.55333e+01,6.55333e+01
 820,                UT San Antonio,2.58084e+00,2.43353e+00,7.20690e+01,7.22414e+01
 833,                    W Carolina,2.57231e+00,2.74658e+00,7.11379e+01,7.31724e+01
 755,                 San Francisco,2.57216e+00,2.95823e+00,6.70000e+01,7.32143e+01
 616,                    Holy Cross,2.56190e+00,2.47101e+00,6.45938e+01,6.22500e+01
 613,                        Hawaii,2.55959e+00,2.91218e+00,6.40333e+01,6.52000e+01
 541,                      Canisius,2.55745e+00,2.92120e+00,6.28710e+01,6.76452e+01
 590,                   FL Atlantic,2.54925e+00,2.76199e+00,6.49688e+01,7.24688e+01
 692,                          Navy,2.54912e+00,2.43918e+00,7.09667e+01,6.86333e+01
 627,                          Iona,2.54506e+00,2.84063e+00,6.22581e+01,6.31290e+01
 813,                          UMBC,2.54278e+00,2.60006e+00,6.48710e+01,6.94516e+01
 529,                 Bowling Green,2.54166e+00,2.70483e+00,6.31000e+01,6.12667e+01
 594,                  Florida Intl,2.54163e+00,2.83992e+00,6.29032e+01,6.90968e+01
 507,                     Albany NY,2.52558e+00,2.63120e+00,6.40000e+01,6.57419e+01
 509,                 American Univ,2.52510e+00,2.50106e+00,6.44516e+01,5.84194e+01
 550,                       Citadel,2.52298e+00,2.63053e+00,6.62667e+01,6.46667e+01
 756,                   San Jose St,2.52018e+00,2.88337e+00,6.65357e+01,6.93571e+01
 814,                 UNC Asheville,2.51290e+00,2.72272e+00,7.18214e+01,7.86429e+01
 687,                     Murray St,2.51175e+00,2.65277e+00,6.75517e+01,6.36897e+01
 543,                     Centenary,2.50666e+00,2.87446e+00,6.42903e+01,7.11935e+01
 855,                 Youngstown St,2.49898e+00,2.85593e+00,6.44286e+01,6.95714e+01
 600,                   Ga Southern,2.49309e+00,2.81792e+00,6.95862e+01,7.93793e+01
 658,                     Manhattan,2.49092e+00,2.72542e+00,6.43667e+01,6.42333e+01
 751,                Sam Houston St,2.48618e+00,2.64546e+00,7.49231e+01,7.19231e+01
 730,                    Pepperdine,2.47608e+00,3.00494e+00,6.02000e+01,7.31000e+01
 677,                   Missouri KC,2.47367e+00,2.67545e+00,6.47742e+01,7.29677e+01
 826,                    Valparaiso,2.46829e+00,2.98310e+00,5.98276e+01,6.64828e+01
 795,                      Texas St,2.46013e+00,2.53339e+00,7.77308e+01,7.86923e+01
 576,                        Drexel,2.45371e+00,2.88518e+00,6.16552e+01,6.11724e+01
 618,                   Houston Bap,2.44302e+00,2.86601e+00,6.80690e+01,8.26552e+01
 611,                      Hartford,2.43903e+00,2.71453e+00,6.05455e+01,7.01818e+01
 850,                       Wofford,2.42958e+00,2.70799e+00,6.83793e+01,6.99655e+01
 580,                    E Kentucky,2.42351e+00,2.56712e+00,7.10714e+01,6.76429e+01
 811,                           ULL,2.41411e+00,2.74036e+00,6.60000e+01,7.09655e+01
 601,                  Gardner Webb,2.40835e+00,2.66783e+00,7.31481e+01,7.64074e+01
 560,                     Coppin St,2.40371e+00,2.73863e+00,6.28710e+01,6.73548e+01
 792,                Tennessee Tech,2.39065e+00,2.56951e+00,7.30714e+01,7.50357e+01
 630,                          IPFW,2.38577e+00,2.78043e+00,6.52069e+01,6.96207e+01
 537,                    C Michigan,2.38539e+00,2.62005e+00,6.21935e+01,6.50968e+01
 582,                  E Washington,2.37869e+00,2.75469e+00,6.25862e+01,6.78621e+01
 648,                   Long Island,2.37130e+00,2.37158e+00,7.06333e+01,6.86000e+01
 791,                  Tennessee St,2.36793e+00,2.57811e+00,7.11071e+01,7.74286e+01
 533,                      Bucknell,2.36738e+00,2.61043e+00,6.42667e+01,7.17333e+01
 680,                       Montana,2.36382e+00,2.68061e+00,6.53571e+01,6.43214e+01
 836,                    W Michigan,2.35647e+00,2.56926e+00,6.18710e+01,6.46452e+01
 605,                    Georgia St,2.34896e+00,2.84994e+00,5.93333e+01,6.36333e+01
 563,                CS Bakersfield,2.34601e+00,2.68304e+00,6.46552e+01,7.22069e+01
 643,                         Lamar,2.34408e+00,2.70792e+00,6.88077e+01,7.30000e+01
 798,                        Toledo,2.34212e+00,2.83361e+00,5.85806e+01,6.80968e+01
 572,                        Denver,2.34174e+00,2.59528e+00,6.07742e+01,6.03871e+01
 774,                 Southern Utah,2.34172e+00,2.66464e+00,6.43793e+01,6.77931e+01
 591,                 FL Gulf Coast,2.33932e+00,2.68184e+00,6.51667e+01,7.24000e+01
 585,                          Elon,2.33592e+00,2.83015e+00,6.47241e+01,7.20690e+01
 804,                   TX Southern,2.32760e+00,2.64705e+00,6.44688e+01,7.35625e+01
 652,                 Loy Marymount,2.31967e+00,2.99055e+00,5.56774e+01,7.14194e+01
 765,                     SF Austin,2.31294e+00,2.53064e+00,6.42222e+01,5.80741e+01
 596,                       Fordham,2.30711e+00,3.05858e+00,6.13571e+01,7.65714e+01
 685,                  MS Valley St,2.30428e+00,2.63888e+00,6.34062e+01,7.46250e+01
 739,                    Quinnipiac,2.30334e+00,2.38125e+00,6.63871e+01,6.73548e+01
 784,                       Stetson,2.30256e+00,2.74910e+00,6.60714e+01,7.09643e+01
 707,                    Norfolk St,2.29863e+00,2.24348e+00,6.83548e+01,7.15806e+01
 540,                      Campbell,2.29644e+00,2.54168e+00,7.12143e+01,7.22143e+01
 544,                  Central Conn,2.29262e+00,2.56240e+00,6.47667e+01,6.81000e+01
 502,                     Air Force,2.28674e+00,3.08187e+00,5.74138e+01,6.23103e+01
 642,                     Lafayette,2.28077e+00,2.46655e+00,6.53000e+01,7.32333e+01
 812,                           ULM,2.27800e+00,2.61388e+00,6.42759e+01,7.28276e+01
 538,                  Cal Poly SLO,2.26926e+00,2.71326e+00,6.50714e+01,7.01429e+01
 520,                       Ball St,2.26798e+00,2.57079e+00,5.79032e+01,5.97419e+01
 716,               Northwestern LA,2.26667e+00,2.51560e+00,6.87143e+01,8.15000e+01
 690,                    N Illinois,2.26309e+00,2.52799e+00,6.60000e+01,7.08621e+01
 728,                          Penn,2.26195e+00,2.55906e+00,6.55357e+01,6.91071e+01
 506,                    Alabama St,2.25712e+00,2.42899e+00,6.94828e+01,6.35862e+01
 776,                 St Francis NY,2.25372e+00,2.53902e+00,6.56667e+01,7.09333e+01
 838,                        Wagner,2.25236e+00,2.35043e+00,6.73667e+01,6.83000e+01
 847,                William & Mary,2.23934e+00,2.77386e+00,6.07241e+01,6.38966e+01
 514,                Ark Pine Bluff,2.22611e+00,2.62403e+00,6.26774e+01,7.06452e+01
 574,                       Detroit,2.22474e+00,2.90981e+00,5.64138e+01,6.51379e+01
 588,                   F Dickinson,2.22116e+00,2.60852e+00,6.36333e+01,7.60667e+01
 782,                    St Peter's,2.22028e+00,2.76043e+00,5.93333e+01,6.37000e+01
 649,                      Longwood,2.21983e+00,2.44264e+00,7.41852e+01,7.84074e+01
 679,                   Monmouth NJ,2.21722e+00,2.57446e+00,6.20968e+01,7.05806e+01
 657,                         Maine,2.21398e+00,2.62391e+00,6.39310e+01,7.01724e+01
 808,                  UC Riverside,2.21134e+00,2.61442e+00,6.01379e+01,6.15172e+01
 785,                   Stony Brook,2.21113e+00,2.44005e+00,6.40000e+01,6.16552e+01
 612,                       Harvard,2.20804e+00,2.33539e+00,6.65185e+01,6.80370e+01
 593,                   Florida A&M,2.20788e+00,2.52004e+00,6.12581e+01,7.18710e+01
 735,                  Presbyterian,2.20259e+00,2.76652e+00,5.96207e+01,6.43793e+01
 762,                SE Missouri St,2.20153e+00,2.54326e+00,6.71034e+01,8.15862e+01
 760,                    SC Upstate,2.19784e+00,2.76676e+00,6.04000e+01,6.85000e+01
 516,                   Arkansas St,2.19512e+00,2.68440e+00,6.42857e+01,6.53929e+01
 705,                   Nicholls St,2.19408e+00,2.47280e+00,6.30714e+01,6.11429e+01
 734,                  Prairie View,2.18845e+00,2.54538e+00,6.82069e+01,7.08621e+01
 631,                         IUPUI,2.17723e+00,2.70763e+00,6.38148e+01,6.42222e+01
 752,                       Samford,2.17489e+00,2.64371e+00,6.09000e+01,6.28000e+01
 848,                      Winthrop,2.16603e+00,2.68378e+00,6.08966e+01,6.72069e+01
 703,                   New Orleans,2.15932e+00,2.55666e+00,6.15862e+01,6.70345e+01
 634,               Jacksonville St,2.15440e+00,2.63062e+00,6.90385e+01,7.24615e+01
 700,                 New Hampshire,2.15150e+00,2.55204e+00,6.12069e+01,6.50345e+01
 619,                        Howard,2.14386e+00,2.45600e+00,6.12903e+01,7.05161e+01
 553,                   Coastal Car,2.12823e+00,2.53480e+00,6.75185e+01,7.21481e+01
 761,                  SE Louisiana,2.12577e+00,2.57832e+00,6.69231e+01,6.81538e+01
 610,                       Hampton,2.12132e+00,2.40357e+00,5.74839e+01,5.93871e+01
 823,                   Utah Valley,2.11579e+00,2.38532e+00,6.96154e+01,6.40000e+01
 693,                        NC A&T,2.11339e+00,2.37886e+00,6.53793e+01,6.90000e+01
 644,                        Lehigh,2.10663e+00,2.28925e+00,6.39310e+01,6.30000e+01
 581,                    E Michigan,2.10143e+00,2.76919e+00,5.49333e+01,6.48333e+01
 815,                UNC Greensboro,2.10040e+00,2.73299e+00,6.20000e+01,7.37241e+01
 713,              Northern Arizona,2.05495e+00,2.74644e+00,6.48000e+01,6.90800e+01
 579,                    E Illinois,2.05070e+00,2.47375e+00,6.33571e+01,6.70714e+01
 694,                    NC Central,2.03755e+00,2.67241e+00,6.01379e+01,8.02759e+01
 508,                     Alcorn St,2.03662e+00,2.47624e+00,6.92857e+01,8.45714e+01
 531,                         Brown,2.03385e+00,2.40994e+00,6.11429e+01,6.77857e+01
 571,                   Delaware St,2.02942e+00,2.70707e+00,5.70667e+01,6.57333e+01
 747,                 S Carolina St,2.02774e+00,2.31343e+00,6.73704e+01,6.77778e+01
 664,                    McNeese St,2.02758e+00,2.48485e+00,6.22593e+01,6.41111e+01
 854,                          Yale,2.01632e+00,2.37309e+00,6.24444e+01,6.37407e+01
 777,                 St Francis PA,2.01001e+00,2.56614e+00,6.10690e+01,7.03793e+01
 566,                 CS Sacramento,2.00079e+00,2.67181e+00,5.69655e+01,7.24138e+01
 598,                        Furman,1.97883e+00,2.73726e+00,6.05357e+01,7.19643e+01
 545,                 Charleston So,1.97424e+00,2.63442e+00,6.52692e+01,7.27308e+01
 532,                        Bryant,1.96848e+00,2.62946e+00,5.75862e+01,6.78966e+01
 517,                          Army,1.95925e+00,2.34044e+00,5.80333e+01,6.07667e+01
 555,                       Colgate,1.95557e+00,2.46567e+00,5.67000e+01,6.31667e+01
 558,                      Columbia,1.94510e+00,2.32851e+00,6.03214e+01,6.21429e+01
 567,                     Dartmouth,1.93309e+00,2.33674e+00,6.12593e+01,6.85185e+01
 614,                    High Point,1.91920e+00,2.59608e+00,6.17778e+01,6.87778e+01
 834,                    W Illinois,1.89825e+00,2.60001e+00,5.80714e+01,6.54286e+01
 773,                 Southern Univ,1.88251e+00,2.37196e+00,6.29655e+01,6.98621e+01
 523,               Bethune-Cookman,1.86837e+00,2.34147e+00,5.68000e+01,5.88000e+01
 710,                 North Florida,1.85822e+00,2.59614e+00,5.61034e+01,7.01034e+01
 665,                    MD E Shore,1.83321e+00,2.26395e+00,5.85667e+01,6.96333e+01
 542,                 Cent Arkansas,1.81204e+00,2.46993e+00,6.05200e+01,7.16400e+01
 584,                  Edwardsville,1.78288e+00,2.38312e+00,6.47391e+01,8.06087e+01
 608,                     Grambling,1.76477e+00,2.47205e+00,5.95714e+01,7.25357e+01
 736,                     Princeton,1.75846e+00,2.30109e+00,5.75769e+01,5.77308e+01
 638,                      Kennesaw,1.74672e+00,2.44816e+00,5.78571e+01,6.89286e+01
 763,                       Seattle,1.74422e+00,2.33162e+00,6.79524e+01,6.54286e+01
 759,                   Savannah St,1.71833e+00,2.65441e+00,5.56800e+01,6.41200e+01
 837,                    W Salem St,1.71244e+00,2.41653e+00,5.67143e+01,6.81429e+01
 706,                          NJIT,1.62636e+00,2.38926e+00,4.98387e+01,6.71935e+01
 803,               TX Pan American,1.60007e+00,2.53742e+00,6.20870e+01,6.94783e+01
 505,                   Alabama A&M,1.58552e+00,2.40362e+00,6.40000e+01,7.20833e+01
 709,                  North Dakota,1.18193e+00,2.21092e+00,6.50667e+01,7.59333e+01
 770,                  South Dakota,1.06129e+00,2.08403e+00,7.91667e+01,7.74167e+01
