 708,                North Carolina,5.00328e+00,3.56083e+00,8.19706e+01,6.68529e+01
 676,                      Missouri,4.88079e+00,3.49284e+00,8.02941e+01,6.57353e+01
 577,                          Duke,4.87231e+00,3.69044e+00,7.75152e+01,6.84545e+01
 640,                      Kentucky,4.86597e+00,3.56044e+00,7.66765e+01,5.90000e+01
 720,                       Ohio St,4.86473e+00,3.69691e+00,7.47647e+01,5.90588e+01
 625,                       Indiana,4.80744e+00,3.58605e+00,7.72727e+01,6.55455e+01
 671,                   Michigan St,4.79864e+00,3.70283e+00,7.21471e+01,5.91176e+01
 636,                        Kansas,4.72402e+00,3.63634e+00,7.50303e+01,6.19394e+01
 827,                    Vanderbilt,4.64475e+00,3.54898e+00,7.29118e+01,6.49706e+01
 786,                      Syracuse,4.52487e+00,3.54313e+00,7.45758e+01,6.03939e+01
 521,                        Baylor,4.52480e+00,3.60151e+00,7.42727e+01,6.52727e+01
 651,                    Louisville,4.42692e+00,3.63278e+00,6.88286e+01,6.11714e+01
 595,                    Florida St,4.38253e+00,3.52549e+00,7.03333e+01,6.29091e+01
 660,                     Marquette,4.32308e+00,3.52157e+00,7.59375e+01,6.62188e+01
 666,                       Memphis,4.31529e+00,3.21594e+00,7.52941e+01,6.31471e+01
 592,                       Florida,4.30694e+00,3.49951e+00,7.62727e+01,6.60303e+01
 562,                     Creighton,4.28934e+00,3.21395e+00,8.00303e+01,6.95455e+01
 738,                        Purdue,4.25622e+00,3.65977e+00,7.21818e+01,6.60000e+01
 549,                    Cincinnati,4.16975e+00,3.42198e+00,6.85000e+01,6.11765e+01
 695,                      NC State,4.14942e+00,3.43373e+00,7.33824e+01,6.80294e+01
 793,                         Texas,4.14282e+00,3.63256e+00,7.30606e+01,6.68182e+01
 670,                      Michigan,4.13320e+00,3.78847e+00,6.67500e+01,6.22500e+01
 629,                       Iowa St,4.08473e+00,3.55415e+00,7.31875e+01,6.67188e+01
 789,                        Temple,4.04239e+00,3.39150e+00,7.60323e+01,6.99032e+01
 817,                          UNLV,4.03641e+00,3.10507e+00,7.59375e+01,6.63438e+01
 559,                   Connecticut,4.03426e+00,3.54429e+00,6.88485e+01,6.41212e+01
 628,                          Iowa,4.01740e+00,3.55656e+00,7.19394e+01,7.13333e+01
 846,                    Wichita St,3.99552e+00,3.25186e+00,7.69032e+01,6.27419e+01
 843,                 West Virginia,3.97547e+00,3.56939e+00,7.16250e+01,6.61562e+01
 637,                     Kansas St,3.97150e+00,3.54959e+00,7.14194e+01,6.37097e+01
 849,                     Wisconsin,3.95322e+00,3.69307e+00,6.38788e+01,5.28788e+01
 717,                    Notre Dame,3.94083e+00,3.50658e+00,6.64848e+01,6.15152e+01
 853,                        Xavier,3.91747e+00,3.39460e+00,7.07879e+01,6.74545e+01
 663,                 Massachusetts,3.88249e+00,3.17867e+00,7.67576e+01,7.19091e+01
 673,                     Minnesota,3.87615e+00,3.59154e+00,6.73939e+01,6.44545e+01
 779,                St Joseph's PA,3.85935e+00,3.27355e+00,7.21515e+01,6.79697e+01
 623,                      Illinois,3.78463e+00,3.65546e+00,6.55625e+01,6.42188e+01
 715,                  Northwestern,3.78250e+00,3.64641e+00,6.95161e+01,6.78065e+01
 701,                    New Mexico,3.78010e+00,3.04835e+00,7.25625e+01,5.96562e+01
 539,                    California,3.75549e+00,3.14133e+00,7.16667e+01,6.17879e+01
 829,                     Villanova,3.74820e+00,3.56656e+00,7.08125e+01,7.05625e+01
 726,                     Oregon St,3.74583e+00,3.10602e+00,7.85000e+01,7.32812e+01
 569,                        Dayton,3.73807e+00,3.24068e+00,7.16875e+01,6.70938e+01
 603,                    Georgetown,3.73729e+00,3.61743e+00,6.84333e+01,5.91000e+01
 661,                      Marshall,3.73482e+00,3.19496e+00,6.95455e+01,6.71818e+01
 627,                          Iona,3.72822e+00,2.92826e+00,8.32500e+01,7.25625e+01
 522,                       Belmont,3.71401e+00,2.88303e+00,8.13939e+01,6.75152e+01
 731,                    Pittsburgh,3.71062e+00,3.49565e+00,6.86970e+01,6.61515e+01
 668,                      Miami FL,3.70304e+00,3.56598e+00,7.11613e+01,6.62258e+01
 511,                       Arizona,3.69996e+00,3.18524e+00,6.94706e+01,6.26765e+01
 722,                   Oklahoma St,3.69343e+00,3.64435e+00,6.65312e+01,6.84688e+01
 675,                Mississippi St,3.69251e+00,3.30401e+00,7.12812e+01,6.67188e+01
 764,                    Seton Hall,3.68938e+00,3.48392e+00,6.85625e+01,6.35000e+01
 607,                       Gonzaga,3.68261e+00,3.11057e+00,7.39677e+01,6.31935e+01
 504,                       Alabama,3.67991e+00,3.52518e+00,6.49375e+01,5.81250e+01
 674,                   Mississippi,3.66018e+00,3.42623e+00,6.61212e+01,6.52727e+01
 536,                           BYU,3.63211e+00,2.93544e+00,7.83548e+01,6.75806e+01
 840,                    Washington,3.62393e+00,3.16908e+00,7.51935e+01,7.00645e+01
 515,                      Arkansas,3.61453e+00,3.24433e+00,7.18438e+01,6.97188e+01
 557,                   Colorado St,3.60299e+00,3.10158e+00,7.10323e+01,6.83548e+01
 641,                      La Salle,3.59670e+00,3.13932e+00,7.32424e+01,6.60303e+01
 754,                  San Diego St,3.58830e+00,3.11157e+00,7.01290e+01,6.42581e+01
 702,                 New Mexico St,3.58542e+00,2.87086e+00,7.73939e+01,6.80909e+01
 790,                     Tennessee,3.55986e+00,3.57454e+00,6.84839e+01,6.56129e+01
 662,                      Maryland,3.55880e+00,3.45529e+00,6.86875e+01,7.07188e+01
 772,                 Southern Miss,3.53584e+00,3.05851e+00,7.07419e+01,6.62258e+01
 624,                   Illinois St,3.51440e+00,3.18050e+00,6.83333e+01,6.43939e+01
 573,                        DePaul,3.51091e+00,3.39399e+00,7.41290e+01,7.67097e+01
 778,                     St John's,3.50995e+00,3.54205e+00,6.65312e+01,7.08750e+01
 721,                      Oklahoma,3.49546e+00,3.51426e+00,6.90968e+01,6.84839e+01
 831,                 Virginia Tech,3.49114e+00,3.49501e+00,6.50606e+01,6.23333e+01
 825,               VA Commonwealth,3.47885e+00,2.90952e+00,6.83824e+01,5.97647e+01
 780,                      St Louis,3.47885e+00,3.27218e+00,6.90968e+01,5.73871e+01
 725,                        Oregon,3.47255e+00,3.11322e+00,7.21613e+01,6.70323e+01
 783,                      Stanford,3.44597e+00,3.13001e+00,7.05000e+01,6.29062e+01
 737,                    Providence,3.44517e+00,3.34578e+00,6.88438e+01,6.92500e+01
 587,                    Evansville,3.42035e+00,3.27697e+00,7.28333e+01,7.26333e+01
 655,                           LSU,3.41924e+00,3.35571e+00,6.50312e+01,6.32188e+01
 556,                      Colorado,3.41026e+00,3.19385e+00,6.62812e+01,6.35625e+01
 724,                  Oral Roberts,3.40832e+00,2.82685e+00,7.29697e+01,6.57576e+01
 781,                  St Mary's CA,3.40593e+00,2.93112e+00,7.38000e+01,6.28667e+01
 568,                      Davidson,3.40379e+00,2.86719e+00,7.73548e+01,6.79032e+01
 746,                       Rutgers,3.38901e+00,3.45459e+00,6.54688e+01,6.58125e+01
 748,                   S Dakota St,3.38750e+00,2.75676e+00,7.63750e+01,6.66250e+01
 719,                          Ohio,3.37586e+00,2.84815e+00,7.02121e+01,6.26667e+01
 775,                St Bonaventure,3.37250e+00,3.24178e+00,7.06774e+01,6.50000e+01
 648,                   Long Island,3.36685e+00,2.57986e+00,8.18788e+01,7.73333e+01
 718,                       Oakland,3.36264e+00,2.88253e+00,7.96774e+01,7.90000e+01
 810,                          UCLA,3.34175e+00,3.21512e+00,6.78438e+01,6.25938e+01
 788,                           TCU,3.33867e+00,3.06084e+00,7.05000e+01,7.20000e+01
 604,                       Georgia,3.33848e+00,3.53327e+00,6.09375e+01,6.29688e+01
 503,                         Akron,3.33620e+00,2.93964e+00,7.14688e+01,6.56250e+01
 729,                       Penn St,3.33384e+00,3.66412e+00,6.17812e+01,6.58125e+01
 714,                 Northern Iowa,3.31138e+00,3.34258e+00,6.45806e+01,6.21935e+01
 743,                      Richmond,3.30568e+00,3.22813e+00,6.89688e+01,6.71562e+01
 578,                      Duquesne,3.29871e+00,3.29053e+00,7.18333e+01,7.17000e+01
 647,                 Long Beach St,3.29169e+00,2.88014e+00,7.37742e+01,6.46129e+01
 574,                       Detroit,3.27696e+00,2.81733e+00,7.08788e+01,6.79394e+01
 602,                  George Mason,3.26893e+00,2.82319e+00,7.03939e+01,6.49091e+01
 830,                      Virginia,3.24419e+00,3.35910e+00,6.30645e+01,5.36774e+01
 678,                   Missouri St,3.23109e+00,3.28241e+00,6.57742e+01,6.35484e+01
 771,                 South Florida,3.22607e+00,3.55007e+00,5.88125e+01,5.73125e+01
 755,                 San Francisco,3.21700e+00,2.79980e+00,7.52258e+01,7.26452e+01
 575,                         Drake,3.21158e+00,3.24515e+00,6.63871e+01,6.69355e+01
 802,                         Tulsa,3.19465e+00,3.06837e+00,6.75161e+01,6.45484e+01
 551,                       Clemson,3.12759e+00,3.22422e+00,6.45484e+01,6.06452e+01
 698,                      Nebraska,3.11991e+00,3.69721e+00,6.09000e+01,6.56333e+01
 672,                Middle Tenn St,3.11479e+00,2.87442e+00,7.14000e+01,6.20000e+01
 723,                  Old Dominion,3.10092e+00,2.99314e+00,6.55152e+01,6.16061e+01
 626,                    Indiana St,3.08627e+00,3.20080e+00,6.42581e+01,6.50645e+01
 741,                  Rhode Island,3.08441e+00,3.18024e+00,6.85806e+01,7.54516e+01
 699,                        Nevada,3.08045e+00,2.80651e+00,7.06774e+01,6.47097e+01
 644,                        Lehigh,3.08012e+00,2.53787e+00,7.56250e+01,6.54062e+01
 687,                     Murray St,3.06172e+00,2.76332e+00,7.42143e+01,6.23571e+01
 839,                   Wake Forest,3.05908e+00,3.27702e+00,6.54516e+01,7.03871e+01
 836,                    W Michigan,3.05695e+00,2.93584e+00,6.82424e+01,7.02121e+01
 824,                          UTEP,3.05307e+00,3.01510e+00,6.31562e+01,6.30938e+01
 554,                Col Charleston,3.05001e+00,2.76649e+00,7.06774e+01,6.82903e+01
 745,                 Robert Morris,3.04692e+00,2.73050e+00,6.86765e+01,6.38235e+01
 814,                 UNC Asheville,3.04631e+00,2.75820e+00,7.85333e+01,7.23333e+01
 826,                    Valparaiso,3.04395e+00,2.86208e+00,6.79355e+01,6.68065e+01
 535,                        Butler,3.04347e+00,2.94280e+00,6.22424e+01,6.10000e+01
 809,                           UCF,3.03987e+00,3.10343e+00,6.50667e+01,6.28333e+01
 769,                South Carolina,3.03923e+00,3.46681e+00,6.13871e+01,6.50000e+01
 639,                          Kent,3.03648e+00,2.81442e+00,7.01290e+01,6.58065e+01
 572,                        Denver,3.03274e+00,2.74092e+00,6.81290e+01,6.05161e+01
 576,                        Drexel,3.02926e+00,2.79570e+00,6.46667e+01,5.54242e+01
 835,                    W Kentucky,3.01112e+00,2.80845e+00,6.50606e+01,6.80000e+01
 794,                     Texas A&M,3.00549e+00,3.52233e+00,6.06452e+01,6.16129e+01
 643,                         Lamar,2.99771e+00,2.65478e+00,7.26250e+01,6.58750e+01
 552,                  Cleveland St,2.98735e+00,2.85521e+00,6.53548e+01,5.96774e+01
 841,                 Washington St,2.97980e+00,3.07936e+00,6.82667e+01,6.71333e+01
 589,                     Fairfield,2.97514e+00,2.93392e+00,6.52727e+01,6.12424e+01
 518,                        Auburn,2.97029e+00,3.32635e+00,6.26452e+01,6.39677e+01
 652,                 Loy Marymount,2.95493e+00,2.93572e+00,6.80690e+01,6.71724e+01
 546,                     Charlotte,2.95415e+00,3.20581e+00,6.70000e+01,6.88667e+01
 819,                  UT Arlington,2.95273e+00,2.49421e+00,7.63226e+01,6.72903e+01
 728,                          Penn,2.94657e+00,2.85328e+00,6.51290e+01,6.38710e+01
 791,                  Tennessee St,2.94612e+00,2.69159e+00,6.72333e+01,6.73000e+01
 653,                     Loyola MD,2.92704e+00,2.80395e+00,6.75938e+01,6.38125e+01
 613,                        Hawaii,2.92616e+00,2.82784e+00,7.31667e+01,7.54333e+01
 744,                         Rider,2.92003e+00,2.85787e+00,7.15938e+01,7.45938e+01
 650,                Louisiana Tech,2.91950e+00,2.76255e+00,6.86562e+01,7.01250e+01
 570,                      Delaware,2.91054e+00,2.79239e+00,6.92903e+01,6.81613e+01
 667,                        Mercer,2.90482e+00,2.83744e+00,6.80625e+01,6.29062e+01
 605,                    Georgia St,2.90151e+00,2.74605e+00,6.76562e+01,5.92500e+01
 658,                     Manhattan,2.89974e+00,2.77794e+00,7.10625e+01,6.50625e+01
 704,                       Niagara,2.89737e+00,2.79537e+00,7.03636e+01,7.41818e+01
 533,                      Bucknell,2.88979e+00,2.68539e+00,6.84688e+01,6.15000e+01
 606,                  Georgia Tech,2.88925e+00,3.29522e+00,6.01935e+01,6.25806e+01
 838,                        Wagner,2.88881e+00,2.62308e+00,7.33871e+01,6.42903e+01
 845,                  WI Milwaukee,2.88725e+00,2.84163e+00,6.37188e+01,6.18125e+01
 833,                    W Carolina,2.88677e+00,2.76508e+00,6.82727e+01,7.14242e+01
 805,                           UAB,2.88390e+00,3.10222e+00,6.04839e+01,6.15161e+01
 534,                       Buffalo,2.87777e+00,2.91571e+00,7.13214e+01,6.73571e+01
 599,                  G Washington,2.87348e+00,3.27849e+00,6.19677e+01,6.67419e+01
 617,                       Houston,2.86647e+00,2.88679e+00,7.11034e+01,7.12759e+01
 530,                       Bradley,2.86475e+00,3.18283e+00,6.10938e+01,7.05000e+01
 526,                      Boise St,2.86383e+00,3.10554e+00,6.74138e+01,6.70345e+01
 519,                   Austin Peay,2.85944e+00,2.84648e+00,6.91613e+01,7.33548e+01
 822,                       Utah St,2.85780e+00,2.81470e+00,6.71290e+01,6.44194e+01
 529,                 Bowling Green,2.83618e+00,2.92896e+00,6.56333e+01,6.38667e+01
 815,                UNC Greensboro,2.83359e+00,2.86849e+00,6.96774e+01,7.73871e+01
 591,                 FL Gulf Coast,2.83346e+00,2.83168e+00,7.18387e+01,7.22903e+01
 540,                      Campbell,2.81998e+00,2.62517e+00,7.31290e+01,7.43871e+01
 760,                    SC Upstate,2.81229e+00,2.83884e+00,7.06000e+01,6.92667e+01
 792,                Tennessee Tech,2.80911e+00,2.66987e+00,7.14667e+01,7.12000e+01
 631,                         IUPUI,2.80862e+00,2.80207e+00,7.14333e+01,7.35333e+01
 796,                    Texas Tech,2.80256e+00,3.48509e+00,5.94839e+01,6.81935e+01
 707,                    Norfolk St,2.79289e+00,2.56608e+00,6.95625e+01,6.67500e+01
 646,                      Lipscomb,2.79196e+00,2.88937e+00,7.15333e+01,7.50000e+01
 798,                        Toledo,2.78744e+00,2.62379e+00,6.80625e+01,6.75938e+01
 516,                   Arkansas St,2.78534e+00,2.77393e+00,6.33333e+01,6.60000e+01
 710,                 North Florida,2.78300e+00,2.94569e+00,6.71935e+01,7.05806e+01
 527,                Boston College,2.78271e+00,3.31813e+00,5.91290e+01,6.85484e+01
 828,                       Vermont,2.77774e+00,2.46960e+00,6.72353e+01,6.05000e+01
 742,                          Rice,2.76148e+00,2.96937e+00,6.73448e+01,6.71379e+01
 612,                       Harvard,2.75956e+00,2.67725e+00,6.50690e+01,5.50345e+01
 832,                           VMI,2.75280e+00,2.54685e+00,7.66333e+01,8.09000e+01
 615,                       Hofstra,2.75060e+00,2.87557e+00,6.53438e+01,6.72188e+01
 512,                    Arizona St,2.74806e+00,3.10815e+00,6.10000e+01,6.63226e+01
 749,                    S Illinois,2.74725e+00,3.21717e+00,6.27000e+01,6.93333e+01
 820,                UT San Antonio,2.74283e+00,2.51293e+00,7.16000e+01,6.90333e+01
 685,                  MS Valley St,2.73434e+00,2.56785e+00,6.89091e+01,6.92727e+01
 659,                        Marist,2.72629e+00,2.76448e+00,6.80000e+01,7.29062e+01
 732,                      Portland,2.71941e+00,3.06458e+00,6.47333e+01,7.64333e+01
 507,                     Albany NY,2.71443e+00,2.43719e+00,7.19394e+01,6.85455e+01
 680,                       Montana,2.71034e+00,2.57542e+00,7.12414e+01,6.22069e+01
 842,                      Weber St,2.70890e+00,2.53862e+00,7.52857e+01,6.96429e+01
 689,                   N Dakota St,2.70198e+00,2.70979e+00,7.24138e+01,6.86552e+01
 750,                  Sacred Heart,2.70094e+00,2.62073e+00,7.11562e+01,7.24688e+01
 852,                       Wyoming,2.69918e+00,2.99197e+00,6.23793e+01,5.60690e+01
 635,                 James Madison,2.69893e+00,2.82567e+00,6.60938e+01,6.98438e+01
 816,                UNC Wilmington,2.69844e+00,2.96915e+00,6.49355e+01,7.06129e+01
 620,                         Idaho,2.69661e+00,2.79563e+00,6.89310e+01,6.70690e+01
 679,                   Monmouth NJ,2.68297e+00,2.81041e+00,6.68750e+01,7.56250e+01
 597,                     Fresno St,2.68296e+00,2.87201e+00,6.51290e+01,6.68065e+01
 733,                   Portland St,2.67686e+00,2.47707e+00,7.45000e+01,7.44667e+01
 739,                    Quinnipiac,2.66920e+00,2.61222e+00,7.12258e+01,6.69677e+01
 712,                  Northeastern,2.66419e+00,2.91934e+00,6.26129e+01,6.54839e+01
 757,                 Santa Barbara,2.65251e+00,2.70234e+00,7.22500e+01,6.65714e+01
 811,                           ULL,2.64969e+00,2.70549e+00,6.74667e+01,6.83000e+01
 586,                          ETSU,2.64682e+00,2.85224e+00,6.71667e+01,6.58000e+01
 855,                 Youngstown St,2.63546e+00,2.75085e+00,6.71034e+01,6.72414e+01
 642,                     Lafayette,2.62857e+00,2.64583e+00,6.97097e+01,7.29032e+01
 545,                 Charleston So,2.62711e+00,2.65921e+00,7.53571e+01,7.32143e+01
 590,                   FL Atlantic,2.62646e+00,2.88879e+00,6.47931e+01,6.81379e+01
 736,                     Princeton,2.62330e+00,2.69154e+00,6.57143e+01,6.14643e+01
 711,                   North Texas,2.61281e+00,2.70692e+00,6.89310e+01,6.67586e+01
 758,                   Santa Clara,2.61088e+00,2.93250e+00,6.86071e+01,7.63571e+01
 513,               Ark Little Rock,2.60943e+00,2.89020e+00,6.24000e+01,6.43667e+01
 583,                 East Carolina,2.60849e+00,3.07186e+00,6.67778e+01,6.68889e+01
 596,                       Fordham,2.60256e+00,3.16363e+00,6.19655e+01,7.15172e+01
 753,                     San Diego,2.60229e+00,2.85162e+00,6.64138e+01,7.10345e+01
 564,                  CS Fullerton,2.60167e+00,2.44355e+00,7.62143e+01,7.16071e+01
 766,                         Siena,2.58752e+00,2.80802e+00,6.37097e+01,6.64839e+01
 582,                  E Washington,2.58656e+00,2.55278e+00,7.13000e+01,7.19333e+01
 784,                       Stetson,2.58280e+00,2.93564e+00,7.19643e+01,7.87857e+01
 633,                  Jacksonville,2.57367e+00,2.93834e+00,6.50333e+01,7.24333e+01
 585,                          Elon,2.55579e+00,2.79352e+00,6.82414e+01,7.26207e+01
 844,                  WI Green Bay,2.54267e+00,2.86564e+00,6.32857e+01,6.66429e+01
 528,                   Boston Univ,2.54158e+00,2.63684e+00,6.39062e+01,6.35625e+01
 669,                      Miami OH,2.53090e+00,3.09348e+00,6.03448e+01,6.43448e+01
 630,                          IPFW,2.51849e+00,2.76816e+00,6.94828e+01,7.52759e+01
 510,                Appalachian St,2.51801e+00,2.78951e+00,6.72414e+01,7.08966e+01
 509,                 American Univ,2.51039e+00,2.55372e+00,6.44516e+01,6.17097e+01
 767,                           SMU,2.48524e+00,3.00644e+00,5.84667e+01,6.10667e+01
 818,                           USC,2.48445e+00,3.28886e+00,5.25938e+01,5.96875e+01
 537,                    C Michigan,2.48031e+00,2.78843e+00,6.17742e+01,6.69032e+01
 716,               Northwestern LA,2.47902e+00,2.65609e+00,6.88966e+01,7.10345e+01
 523,               Bethune-Cookman,2.47843e+00,2.52683e+00,6.49394e+01,6.70000e+01
 547,                   Chattanooga,2.47699e+00,2.77227e+00,6.82414e+01,7.16897e+01
 544,                  Central Conn,2.47087e+00,2.69924e+00,6.99655e+01,7.02759e+01
 756,                   San Jose St,2.46813e+00,2.74353e+00,6.63333e+01,7.30000e+01
 614,                    High Point,2.46704e+00,2.61163e+00,6.96207e+01,7.14138e+01
 677,                   Missouri KC,2.46588e+00,2.78173e+00,6.45333e+01,7.12667e+01
 762,                SE Missouri St,2.46093e+00,2.56150e+00,6.94828e+01,7.02759e+01
 851,                     Wright St,2.46056e+00,2.88789e+00,5.73226e+01,6.16452e+01
 807,                     UC Irvine,2.45669e+00,2.64111e+00,6.77586e+01,7.25862e+01
 768,                 South Alabama,2.45591e+00,2.74086e+00,6.64643e+01,6.72857e+01
 850,                       Wofford,2.45437e+00,2.69973e+00,6.36000e+01,6.28333e+01
 776,                 St Francis NY,2.45263e+00,2.60100e+00,6.94667e+01,6.87333e+01
 834,                    W Illinois,2.44666e+00,2.75311e+00,6.05000e+01,6.01333e+01
 801,                        Tulane,2.43058e+00,2.75099e+00,6.34828e+01,6.20000e+01
 800,                          Troy,2.42222e+00,2.73211e+00,6.96296e+01,7.62593e+01
 538,                  Cal Poly SLO,2.42167e+00,2.54271e+00,6.38065e+01,6.06129e+01
 664,                    McNeese St,2.41176e+00,2.60126e+00,6.57586e+01,6.78966e+01
 502,                     Air Force,2.40639e+00,3.06704e+00,6.06667e+01,6.32593e+01
 682,                   Morehead St,2.40333e+00,2.66797e+00,6.08667e+01,6.20333e+01
 580,                    E Kentucky,2.39381e+00,2.53821e+00,6.52333e+01,6.77667e+01
 785,                   Stony Brook,2.39223e+00,2.52191e+00,6.57000e+01,5.96667e+01
 563,                CS Bakersfield,2.39060e+00,2.48472e+00,6.81724e+01,7.02759e+01
 847,                William & Mary,2.38394e+00,2.91312e+00,6.00323e+01,7.00968e+01
 610,                       Hampton,2.38165e+00,2.43527e+00,6.46667e+01,6.68182e+01
 616,                    Holy Cross,2.38085e+00,2.58436e+00,6.50345e+01,6.68276e+01
 821,                          Utah,2.36650e+00,3.18956e+00,5.54000e+01,7.02000e+01
 561,                       Cornell,2.36226e+00,2.67220e+00,6.50000e+01,6.80741e+01
 774,                 Southern Utah,2.35999e+00,2.75841e+00,6.55172e+01,6.85517e+01
 634,               Jacksonville St,2.35971e+00,2.59563e+00,6.35667e+01,6.32000e+01
 560,                     Coppin St,2.35232e+00,2.59730e+00,7.41852e+01,7.68148e+01
 594,                  Florida Intl,2.34911e+00,2.77361e+00,6.31429e+01,6.71071e+01
 752,                       Samford,2.34352e+00,2.75916e+00,6.47143e+01,7.04286e+01
 688,                    N Colorado,2.33705e+00,2.67547e+00,7.18462e+01,7.58846e+01
 645,                       Liberty,2.32876e+00,2.57338e+00,6.72759e+01,7.21379e+01
 600,                   Ga Southern,2.32575e+00,2.66464e+00,6.53571e+01,6.82857e+01
 598,                        Furman,2.32105e+00,2.67859e+00,6.36207e+01,6.57586e+01
 558,                      Columbia,2.31345e+00,2.56858e+00,6.33214e+01,6.30357e+01
 848,                      Winthrop,2.30091e+00,2.71565e+00,6.16333e+01,6.58000e+01
 541,                      Canisius,2.30077e+00,2.76131e+00,6.55000e+01,7.57000e+01
 683,                     Morgan St,2.29871e+00,2.60245e+00,6.66897e+01,6.95517e+01
 601,                  Gardner Webb,2.29853e+00,2.60989e+00,6.41667e+01,6.73333e+01
 763,                       Seattle,2.29617e+00,2.60458e+00,7.59200e+01,7.65200e+01
 621,                      Idaho St,2.29545e+00,2.54089e+00,6.50345e+01,7.33103e+01
 593,                   Florida A&M,2.28634e+00,2.48216e+00,6.44839e+01,7.37742e+01
 854,                          Yale,2.28601e+00,2.61233e+00,6.66538e+01,6.48846e+01
 553,                   Coastal Car,2.28172e+00,2.60595e+00,6.95769e+01,6.75000e+01
 638,                      Kennesaw,2.27842e+00,2.92304e+00,6.16000e+01,7.61333e+01
 514,                Ark Pine Bluff,2.27834e+00,2.45193e+00,6.10000e+01,6.94242e+01
 804,                   TX Southern,2.27818e+00,2.47076e+00,6.12424e+01,6.28182e+01
 693,                        NC A&T,2.27417e+00,2.64742e+00,6.74138e+01,7.38621e+01
 520,                       Ball St,2.26839e+00,2.67558e+00,6.30000e+01,6.14828e+01
 759,                   Savannah St,2.26630e+00,2.59277e+00,6.24000e+01,5.95333e+01
 795,                      Texas St,2.25083e+00,2.51048e+00,7.39231e+01,7.72692e+01
 581,                    E Michigan,2.23067e+00,2.81976e+00,5.29677e+01,5.91935e+01
 622,                    IL Chicago,2.23025e+00,2.77871e+00,6.09286e+01,6.87857e+01
 823,                   Utah Valley,2.22836e+00,2.41019e+00,6.80000e+01,6.72857e+01
 770,                  South Dakota,2.22615e+00,2.68858e+00,6.96154e+01,7.59615e+01
 735,                  Presbyterian,2.21025e+00,2.65225e+00,6.37857e+01,6.58929e+01
 555,                       Colgate,2.20648e+00,2.56653e+00,6.31000e+01,7.36333e+01
 709,                  North Dakota,2.20459e+00,2.52096e+00,6.59630e+01,6.82593e+01
 618,                   Houston Bap,2.20086e+00,2.55878e+00,6.96296e+01,7.95926e+01
 531,                         Brown,2.19663e+00,2.57600e+00,6.07000e+01,6.96000e+01
 730,                    Pepperdine,2.18596e+00,2.86280e+00,5.92857e+01,6.64643e+01
 782,                    St Peter's,2.18548e+00,2.88631e+00,5.80323e+01,6.89677e+01
 649,                      Longwood,2.18332e+00,2.57725e+00,7.06296e+01,8.51111e+01
 619,                        Howard,2.18010e+00,2.71217e+00,5.99333e+01,7.03667e+01
 517,                          Army,2.16943e+00,2.41935e+00,6.66207e+01,7.07241e+01
 806,                      UC Davis,2.16775e+00,2.55716e+00,6.13333e+01,7.43000e+01
 799,                        Towson,2.16660e+00,3.05776e+00,5.14688e+01,6.97188e+01
 740,                       Radford,2.16200e+00,2.77511e+00,6.00667e+01,6.98667e+01
 705,                   Nicholls St,2.15784e+00,2.60300e+00,6.44643e+01,7.90714e+01
 657,                         Maine,2.15440e+00,2.49343e+00,6.70000e+01,6.90357e+01
 797,                     TN Martin,2.15360e+00,2.68884e+00,6.14138e+01,7.53448e+01
 694,                    NC Central,2.14255e+00,2.52574e+00,6.56429e+01,6.47857e+01
 787,                TAM C. Christi,2.14039e+00,2.59268e+00,5.85000e+01,6.76667e+01
 532,                        Bryant,2.13478e+00,2.66584e+00,6.17333e+01,7.53667e+01
 812,                           ULM,2.12582e+00,2.81942e+00,6.00714e+01,7.16786e+01
 808,                  UC Riverside,2.12148e+00,2.61786e+00,5.78621e+01,6.36552e+01
 654,                Loyola-Chicago,2.11906e+00,2.82051e+00,5.68276e+01,6.34828e+01
 548,                    Chicago St,2.11626e+00,2.78665e+00,6.20714e+01,7.82500e+01
 727,                       Pacific,2.11216e+00,2.60609e+00,6.21071e+01,6.75357e+01
 706,                          NJIT,2.10637e+00,2.49130e+00,6.68571e+01,7.06786e+01
 542,                 Cent Arkansas,2.09755e+00,2.56202e+00,6.90385e+01,8.14615e+01
 681,                    Montana St,2.09753e+00,2.46793e+00,6.70370e+01,7.27037e+01
 813,                          UMBC,2.09248e+00,2.56327e+00,6.32333e+01,7.70667e+01
 611,                      Hartford,2.09158e+00,2.48054e+00,6.00000e+01,6.72258e+01
 571,                   Delaware St,2.08496e+00,2.58431e+00,6.39630e+01,6.52593e+01
 550,                       Citadel,2.07382e+00,2.70421e+00,6.20357e+01,7.28571e+01
 777,                 St Francis PA,2.06528e+00,2.71030e+00,6.07931e+01,6.95517e+01
 747,                 S Carolina St,2.05428e+00,2.57064e+00,6.42069e+01,7.88966e+01
 579,                    E Illinois,2.04205e+00,2.46251e+00,6.39259e+01,6.89259e+01
 686,                  Mt St Mary's,2.04074e+00,2.70641e+00,6.02759e+01,6.71034e+01
 565,                 CS Northridge,2.03355e+00,2.57778e+00,6.59231e+01,7.59615e+01
 690,                    N Illinois,2.03187e+00,2.73376e+00,5.48000e+01,6.83333e+01
 803,               TX Pan American,2.02667e+00,2.65278e+00,6.10357e+01,7.02500e+01
 765,                     SF Austin,2.00830e+00,2.44178e+00,5.91786e+01,5.49643e+01
 588,                   F Dickinson,1.99949e+00,2.66614e+00,6.07586e+01,7.26897e+01
 567,                     Dartmouth,1.99096e+00,2.56681e+00,5.73448e+01,6.38621e+01
 665,                    MD E Shore,1.98296e+00,2.50984e+00,5.82759e+01,7.03448e+01
 566,                 CS Sacramento,1.96675e+00,2.44853e+00,6.68846e+01,7.08462e+01
 524,                    Binghamton,1.94971e+00,2.47302e+00,5.68387e+01,7.07419e+01
 584,                  Edwardsville,1.93523e+00,2.56787e+00,6.49200e+01,7.27200e+01
 734,                  Prairie View,1.91766e+00,2.33870e+00,6.11034e+01,6.76897e+01
 632,                    Jackson St,1.91376e+00,2.56965e+00,5.54667e+01,6.59667e+01
 700,                 New Hampshire,1.90368e+00,2.45148e+00,6.03214e+01,6.27500e+01
 751,                Sam Houston St,1.89916e+00,2.60587e+00,5.60000e+01,6.18929e+01
 713,              Northern Arizona,1.86905e+00,2.55578e+00,6.00370e+01,7.32222e+01
 692,                          Navy,1.82175e+00,2.61633e+00,5.67857e+01,6.66429e+01
 506,                    Alabama St,1.80173e+00,2.36388e+00,5.77241e+01,6.35517e+01
 773,                 Southern Univ,1.79139e+00,2.24635e+00,5.97500e+01,6.45714e+01
 508,                     Alcorn St,1.76773e+00,2.29627e+00,6.00000e+01,6.89643e+01
 761,                  SE Louisiana,1.74308e+00,2.51520e+00,5.76538e+01,6.31538e+01
 505,                   Alabama A&M,1.67580e+00,2.30072e+00,6.11154e+01,6.96538e+01
 608,                     Grambling,1.57773e+00,2.40011e+00,5.40357e+01,7.14643e+01
 697,                      NE Omaha,1.32159e+00,2.69720e+00,6.89375e+01,8.47500e+01
