ID	Team	Rating	Avg opp Rating	PF	PA
636	                        Kansas	5.006	3.919	79.606	70.455
629	                       Iowa St	4.871	3.786	82.879	73.909
810	                          UCLA	4.737	3.543	81.824	70.765
577	                          Duke	4.672	3.485	78.647	67.088
849	                     Wisconsin	4.581	3.596	73.546	64.576
511	                       Arizona	4.577	3.598	73.059	58.147
562	                     Creighton	4.538	3.521	79.546	67.424
671	                   Michigan St	4.536	3.614	75.941	65.324
721	                      Oklahoma	4.520	3.728	82.156	75.875
722	                   Oklahoma St	4.397	3.719	80.333	69.091
725	                        Oregon	4.392	3.571	81.844	74.000
670	                      Michigan	4.390	3.654	74.394	65.364
651	                    Louisville	4.354	3.235	82.118	60.971
793	                         Texas	4.344	3.726	74.121	70.030
829	                     Villanova	4.309	3.592	78.531	66.594
640	                      Kentucky	4.302	3.517	75.912	66.647
521	                        Baylor	4.275	3.823	73.788	68.394
536	                           BYU	4.262	3.298	84.212	77.546
592	                       Florida	4.251	3.449	70.735	57.941
559	                   Connecticut	4.231	3.375	71.853	63.118
628	                          Iowa	4.192	3.459	82.000	70.094
708	                North Carolina	4.180	3.505	76.313	69.063
737	                    Providence	4.109	3.497	73.206	69.529
556	                      Colorado	4.090	3.567	70.853	67.941
720	                       Ohio St	4.075	3.478	69.794	59.765
825	               VA Commonwealth	4.067	3.212	74.971	64.853
783	                      Stanford	4.063	3.621	73.515	68.636
843	                 West Virginia	4.027	3.701	77.531	73.281
512	                    Arizona St	3.982	3.524	75.031	68.875
731	                    Pittsburgh	3.977	3.384	72.471	62.353
663	                 Massachusetts	3.973	3.326	76.094	70.750
853	                        Xavier	3.969	3.532	72.212	67.939
830	                      Virginia	3.941	3.382	65.941	55.294
701	                    New Mexico	3.927	3.105	74.636	66.364
515	                      Arkansas	3.905	3.260	80.250	71.219
637	                     Kansas St	3.880	3.693	69.719	65.719
666	                       Memphis	3.872	3.405	76.839	70.161
786	                      Syracuse	3.869	3.440	68.156	59.500
607	                       Gonzaga	3.861	3.239	75.818	64.546
695	                      NC State	3.854	3.338	70.794	69.471
676	                      Missouri	3.836	3.359	72.879	69.485
539	                    California	3.832	3.557	72.375	69.500
569	                        Dayton	3.774	3.205	73.394	67.636
673	                     Minnesota	3.773	3.495	70.875	67.813
764	                    Seton Hall	3.755	3.406	71.824	69.853
778	                     St John's	3.740	3.478	72.656	67.031
846	                    Wichita St	3.738	2.900	74.939	59.879
779	                St Joseph's PA	3.712	3.253	71.273	66.939
549	                    Cincinnati	3.706	3.275	68.727	58.333
840	                    Washington	3.705	3.415	74.500	74.688
655	                           LSU	3.704	3.312	75.063	71.250
674	                   Mississippi	3.700	3.266	75.212	72.727
599	                  G Washington	3.682	3.277	73.406	66.875
662	                      Maryland	3.678	3.431	70.938	67.688
595	                    Florida St	3.678	3.447	70.406	65.844
625	                       Indiana	3.667	3.475	72.250	67.563
726	                     Oregon St	3.650	3.515	75.258	74.968
603	                    Georgetown	3.640	3.608	70.226	67.387
660	                     Marquette	3.611	3.499	72.188	68.719
790	                     Tennessee	3.610	3.409	70.500	61.375
738	                        Purdue	3.604	3.487	72.250	71.656
839	                   Wake Forest	3.587	3.419	69.697	70.939
729	                       Penn St	3.578	3.452	71.500	70.906
767	                           SMU	3.524	3.215	71.375	62.281
623	                      Illinois	3.520	3.521	64.636	62.546
717	                    Notre Dame	3.519	3.386	71.969	70.563
796	                    Texas Tech	3.518	3.764	68.438	68.438
573	                        DePaul	3.513	3.547	69.394	75.364
698	                      Nebraska	3.512	3.488	67.000	64.871
526	                      Boise St	3.498	3.122	75.031	70.063
775	                St Bonaventure	3.492	3.113	73.364	70.091
650	                Louisiana Tech	3.474	2.738	80.273	65.576
627	                          Iona	3.470	2.942	83.500	77.219
769	                South Carolina	3.470	3.341	68.324	69.882
798	                        Toledo	3.423	2.768	79.156	74.031
821	                          Utah	3.423	3.493	72.300	65.233
754	                  San Diego St	3.417	3.173	68.355	57.839
570	                      Delaware	3.416	2.700	79.529	75.147
617	                       Houston	3.400	3.192	71.061	73.000
780	                      St Louis	3.376	3.145	70.065	61.807
789	                        Temple	3.372	3.375	73.903	78.097
781	                  St Mary's CA	3.372	3.107	71.656	66.406
817	                          UNLV	3.370	3.014	71.364	65.576
604	                       Georgia	3.367	3.330	69.031	66.750
802	                         Tulsa	3.363	2.872	73.091	67.364
818	                           USC	3.362	3.637	70.484	75.903
702	                 New Mexico St	3.328	2.673	76.647	67.500
743	                      Richmond	3.313	3.287	66.546	65.152
606	                  Georgia Tech	3.297	3.313	66.667	66.788
699	                        Nevada	3.287	3.079	72.375	73.875
527	                Boston College	3.283	3.527	68.710	74.323
504	                       Alabama	3.277	3.558	66.710	67.258
522	                       Belmont	3.252	2.720	79.500	74.500
658	                     Manhattan	3.239	2.849	77.375	70.000
755	                 San Francisco	3.215	3.143	73.833	71.867
719	                          Ohio	3.200	2.802	71.273	67.121
811	                           ULL	3.200	2.760	79.839	76.226
732	                      Portland	3.193	3.030	75.065	72.032
715	                  Northwestern	3.186	3.612	59.515	63.364
746	                       Rutgers	3.174	3.265	69.719	75.813
597	                     Fresno St	3.170	3.083	71.710	72.710
551	                       Clemson	3.168	3.345	63.344	57.969
602	                  George Mason	3.134	3.266	69.484	72.032
541	                      Canisius	3.132	2.822	77.875	74.250
641	                      La Salle	3.109	3.279	67.742	68.387
668	                      Miami FL	3.098	3.277	61.485	59.515
652	                 Loy Marymount	3.094	3.110	72.419	76.936
518	                        Auburn	3.089	3.277	71.467	71.833
535	                        Butler	3.088	3.526	67.500	67.433
714	                 Northern Iowa	3.071	3.057	72.333	69.900
845	                  WI Milwaukee	3.069	2.729	70.394	70.909
739	                    Quinnipiac	3.069	2.798	79.129	76.742
718	                       Oakland	3.053	3.036	73.613	78.613
528	                   Boston Univ	3.038	2.580	71.471	67.059
675	                Mississippi St	3.037	3.125	67.697	71.303
827	                    Vanderbilt	3.034	3.365	64.581	65.548
836	                    W Michigan	3.033	2.775	72.161	68.097
503	                         Akron	3.027	2.851	67.909	66.030
596	                       Fordham	3.022	3.129	71.742	78.032
772	                 Southern Miss	3.019	2.765	70.677	63.323
794	                     Texas A&M	3.011	3.204	65.156	63.438
822	                       Utah St	2.999	2.984	68.742	67.065
565	                 CS Northridge	2.997	2.583	75.939	77.546
605	                    Georgia St	2.996	2.593	77.645	68.387
741	                  Rhode Island	2.962	3.209	67.839	68.226
667	                        Mercer	2.961	2.688	77.194	67.452
727	                       Pacific	2.959	3.137	72.138	74.655
626	                    Indiana St	2.954	2.877	69.936	67.129
771	                 South Florida	2.941	3.255	65.625	70.750
546	                     Charlotte	2.938	2.799	71.452	71.645
758	                   Santa Clara	2.932	3.075	69.645	71.774
730	                    Pepperdine	2.924	3.020	70.833	72.633
824	                          UTEP	2.922	2.800	69.032	64.387
704	                       Niagara	2.921	2.824	75.273	82.091
578	                      Duquesne	2.917	2.995	73.333	73.700
568	                      Davidson	2.910	2.644	77.710	72.774
557	                   Colorado St	2.908	2.963	71.300	70.167
809	                           UCF	2.904	3.284	71.379	74.172
678	                   Missouri St	2.891	2.869	68.323	68.645
788	                           TCU	2.890	3.698	63.333	72.567
581	                    E Michigan	2.890	2.968	63.906	62.438
745	                 Robert Morris	2.887	2.667	71.559	71.265
807	                     UC Irvine	2.887	2.801	69.156	63.563
613	                        Hawaii	2.885	2.743	78.310	73.207
580	                    E Kentucky	2.873	2.610	77.387	71.936
686	                  Mt St Mary's	2.865	2.669	76.250	77.969
612	                       Harvard	2.862	2.559	73.448	61.310
672	                Middle Tenn St	2.845	2.772	68.452	62.903
586	                          ETSU	2.844	2.529	75.781	75.844
799	                        Towson	2.842	2.673	72.250	68.219
689	                   N Dakota St	2.836	2.687	74.750	67.464
552	                  Cleveland St	2.836	2.825	72.067	66.933
716	               Northwestern LA	2.834	2.536	85.448	84.379
624	                   Illinois St	2.832	2.956	68.667	69.600
766	                         Siena	2.830	2.939	69.906	71.625
647	                 Long Beach St	2.829	3.145	69.433	70.700
620	                         Idaho	2.824	2.606	72.212	74.909
841	                 Washington St	2.817	3.584	61.800	67.700
831	                 Virginia Tech	2.813	3.340	62.903	67.000
682	                   Morehead St	2.802	2.713	75.065	73.484
805	                           UAB	2.794	2.818	72.207	70.655
844	                  WI Green Bay	2.778	2.865	73.519	65.630
819	                  UT Arlington	2.777	2.772	75.033	79.033
587	                    Evansville	2.768	2.875	68.129	72.452
709	                  North Dakota	2.766	2.513	73.000	75.645
630	                          IPFW	2.761	2.463	73.419	69.355
753	                     San Diego	2.752	3.047	65.733	65.933
852	                       Wyoming	2.752	2.991	64.633	61.967
749	                    S Illinois	2.747	2.832	66.000	66.688
765	                     SF Austin	2.747	2.387	75.839	63.032
744	                         Rider	2.743	2.832	73.936	76.581
847	                William & Mary	2.730	2.673	72.452	71.645
855	                 Youngstown St	2.714	2.780	74.724	75.759
826	                    Valparaiso	2.705	2.804	69.567	69.033
516	                   Arkansas St	2.700	2.654	75.867	73.133
835	                    W Kentucky	2.692	2.699	67.516	67.645
639	                          Kent	2.688	2.716	69.161	69.032
576	                        Drexel	2.682	2.855	68.800	67.333
757	                 Santa Barbara	2.681	2.815	70.714	66.357
534	                       Buffalo	2.678	2.755	73.286	67.571
575	                         Drake	2.666	2.877	67.067	68.867
760	                    SC Upstate	2.662	2.645	72.387	69.613
762	                SE Missouri St	2.661	2.464	80.900	79.800
615	                       Hofstra	2.658	2.744	68.485	73.152
712	                  Northeastern	2.658	2.837	65.906	68.719
591	                 FL Gulf Coast	2.658	2.584	71.875	67.813
851	                     Wright St	2.657	2.689	66.469	63.656
723	                  Old Dominion	2.626	2.753	63.424	64.455
532	                        Bryant	2.623	2.535	73.194	72.548
513	               Ark Little Rock	2.619	2.723	70.333	74.633
574	                       Detroit	2.618	2.847	69.200	72.200
785	                   Stony Brook	2.612	2.408	71.563	66.313
724	                  Oral Roberts	2.603	2.582	71.419	69.936
711	                   North Texas	2.591	2.711	69.167	72.300
661	                      Marshall	2.586	2.767	69.194	72.290
669	                      Miami OH	2.577	2.902	65.333	69.833
564	                  CS Fullerton	2.575	2.725	67.484	71.452
804	                   TX Southern	2.572	2.354	75.063	72.969
659	                        Marist	2.572	2.894	68.355	72.032
572	                        Denver	2.570	2.669	65.533	64.267
710	                 North Florida	2.569	2.696	70.633	74.833
582	                  E Washington	2.569	2.565	75.621	76.793
530	                       Bradley	2.561	2.832	63.625	66.031
679	                   Monmouth NJ	2.561	2.823	69.000	73.063
616	                    Holy Cross	2.548	2.548	66.969	65.094
751	                Sam Houston St	2.541	2.351	73.871	71.065
792	                Tennessee Tech	2.528	2.577	70.065	73.581
697	                      NE Omaha	2.528	2.574	79.000	77.000
683	                     Morgan St	2.524	2.548	71.452	72.226
529	                 Bowling Green	2.522	2.878	61.452	64.710
801	                        Tulane	2.520	2.700	63.781	70.094
833	                    W Carolina	2.520	2.445	73.000	73.323
583	                 East Carolina	2.518	2.687	70.793	72.035
694	                    NC Central	2.512	2.313	72.226	59.258
538	                  Cal Poly SLO	2.509	3.005	62.000	64.733
828	                       Vermont	2.509	2.502	70.567	60.933
558	                      Columbia	2.507	2.516	67.100	62.967
654	                Loyola-Chicago	2.505	2.773	65.226	68.839
590	                   FL Atlantic	2.505	2.823	65.100	69.800
748	                   S Dakota St	2.504	2.631	71.571	69.500
548	                    Chicago St	2.499	2.693	68.833	76.867
814	                 UNC Asheville	2.490	2.520	76.931	78.241
585	                          Elon	2.485	2.633	71.655	71.172
646	                      Lipscomb	2.484	2.627	75.448	78.517
644	                        Lehigh	2.475	2.574	66.281	68.969
509	                 American Univ	2.471	2.526	63.938	58.625
517	                          Army	2.460	2.479	72.533	74.033
589	                     Fairfield	2.452	2.882	63.438	70.000
677	                   Missouri KC	2.445	2.783	69.276	76.345
563	                CS Bakersfield	2.444	2.603	68.323	68.903
642	                     Lafayette	2.438	2.519	71.100	75.367
776	                 St Francis NY	2.432	2.559	68.516	67.258
690	                    N Illinois	2.432	2.796	60.677	62.936
832	                           VMI	2.429	2.369	83.222	82.704
713	              Northern Arizona	2.427	2.539	66.484	68.710
734	                  Prairie View	2.424	2.483	68.546	77.273
688	                    N Colorado	2.414	2.432	72.379	70.172
533	                      Bucknell	2.413	2.580	65.900	64.067
687	                     Murray St	2.412	2.631	76.259	73.444
848	                      Winthrop	2.408	2.406	72.033	71.900
838	                        Wagner	2.405	2.574	71.400	68.500
502	                     Air Force	2.405	2.964	64.571	70.357
736	                     Princeton	2.405	2.504	71.185	64.815
507	                     Albany NY	2.400	2.352	66.031	63.844
560	                     Coppin St	2.397	2.548	68.871	74.968
537	                    C Michigan	2.396	2.699	69.586	75.690
842	                      Weber St	2.392	2.537	71.893	68.143
611	                      Hartford	2.381	2.411	65.515	65.970
733	                   Portland St	2.381	2.464	71.655	72.966
553	                   Coastal Car	2.374	2.435	70.533	69.033
740	                       Radford	2.372	2.328	75.933	74.867
555	                       Colgate	2.369	2.520	69.300	67.733
554	                Col Charleston	2.364	2.746	62.839	62.968
806	                      UC Davis	2.363	2.696	69.000	78.793
601	                  Gardner Webb	2.358	2.475	71.233	71.667
594	                  Florida Intl	2.355	2.753	67.536	71.357
622	                    IL Chicago	2.355	2.810	65.379	73.172
610	                       Hampton	2.354	2.363	73.233	70.267
756	                   San Jose St	2.336	3.024	61.310	72.310
728	                          Penn	2.332	2.689	68.250	74.821
633	                  Jacksonville	2.326	2.639	72.929	79.929
635	                 James Madison	2.318	2.680	63.258	68.710
768	                 South Alabama	2.316	2.768	67.393	71.964
584	                  Edwardsville	2.316	2.575	71.897	77.172
782	                    St Peter's	2.312	2.786	63.258	65.871
519	                   Austin Peay	2.304	2.559	75.357	80.071
823	                   Utah Valley	2.303	2.656	65.690	66.035
680	                       Montana	2.302	2.522	69.964	69.250
797	                     TN Martin	2.297	2.599	73.448	82.069
787	                TAM C. Christi	2.292	2.500	68.400	67.500
763	                       Seattle	2.290	2.636	70.464	72.214
691	                    N Kentucky	2.284	2.635	68.133	73.700
800	                          Troy	2.281	2.597	67.069	70.345
547	                   Chattanooga	2.281	2.412	72.759	75.345
750	                  Sacred Heart	2.280	2.520	69.742	76.710
648	                   Long Island	2.276	2.565	71.724	79.828
545	                 Charleston So	2.274	2.564	76.333	75.852
854	                          Yale	2.258	2.558	65.815	66.778
791	                  Tennessee St	2.257	2.713	67.345	75.172
808	                  UC Riverside	2.255	2.634	66.897	72.207
588	                   F Dickinson	2.255	2.667	68.690	75.862
803	               TX Pan American	2.253	2.585	64.742	70.968
707	                    Norfolk St	2.252	2.379	68.733	69.267
520	                       Ball St	2.247	2.867	64.286	75.107
593	                   Florida A&M	2.234	2.366	69.233	73.967
770	                  South Dakota	2.233	2.633	66.889	73.148
773	                 Southern Univ	2.231	2.536	68.241	64.517
632	                    Jackson St	2.226	2.444	65.839	68.742
816	                UNC Wilmington	2.222	2.815	62.200	70.167
752	                       Samford	2.219	2.389	69.767	77.267
544	                  Central Conn	2.215	2.474	70.069	77.103
531	                         Brown	2.210	2.422	70.704	67.889
820	                UT San Antonio	2.208	2.744	68.185	78.259
600	                   Ga Southern	2.202	2.316	68.290	71.129
815	                UNC Greensboro	2.194	2.523	69.069	75.276
664	                    McNeese St	2.186	2.553	66.828	75.966
657	                         Maine	2.184	2.457	70.714	83.571
614	                    High Point	2.179	2.461	69.393	72.250
621	                      Idaho St	2.176	2.547	69.556	71.259
566	                 CS Sacramento	2.169	2.489	68.286	70.786
631	                         IUPUI	2.167	2.612	63.172	76.138
681	                    Montana St	2.145	2.455	65.207	70.069
653	                     Loyola MD	2.145	2.605	64.483	71.828
609	                  Grand Canyon	2.139	2.654	70.462	73.385
850	                       Wofford	2.125	2.486	65.414	63.138
784	                       Stetson	2.121	2.585	61.807	72.645
643	                         Lamar	2.118	2.409	66.700	77.267
685	                  MS Valley St	2.116	2.487	68.862	81.586
693	                        NC A&T	2.098	2.372	64.452	73.484
645	                       Liberty	2.084	2.384	68.966	71.759
777	                 St Francis PA	2.084	2.534	61.807	69.355
579	                    E Illinois	2.082	2.591	66.929	74.250
618	                   Houston Bap	2.073	2.521	65.828	77.828
742	                          Rice	2.073	2.775	61.250	70.250
638	                      Kennesaw	2.073	2.669	63.828	75.931
812	                           ULM	2.071	2.887	63.615	68.846
542	                 Cent Arkansas	2.067	2.446	71.667	82.370
795	                      Texas St	2.057	2.735	60.379	66.724
514	                Ark Pine Bluff	2.056	2.542	62.897	71.379
705	                   Nicholls St	2.037	2.369	67.821	73.286
634	               Jacksonville St	2.029	2.563	63.828	70.655
813	                          UMBC	2.016	2.384	64.966	72.621
506	                    Alabama St	2.010	2.249	69.893	70.607
761	                  SE Louisiana	2.007	2.384	67.929	73.321
619	                        Howard	2.003	2.461	60.258	71.807
561	                       Cornell	2.001	2.595	63.630	79.259
759	                   Savannah St	2.000	2.546	60.267	64.467
567	                     Dartmouth	1.986	2.419	65.923	67.539
649	                      Longwood	1.964	2.496	66.893	81.643
524	                    Binghamton	1.963	2.379	61.333	71.333
540	                      Campbell	1.960	2.368	66.250	72.964
735	                  Presbyterian	1.931	2.405	63.833	77.033
665	                    MD E Shore	1.926	2.412	65.679	76.107
550	                       Citadel	1.924	2.392	64.241	75.103
747	                 S Carolina St	1.894	2.434	62.000	73.250
523	               Bethune-Cookman	1.882	2.382	61.433	70.767
703	                   New Orleans	1.867	2.514	69.833	79.333
505	                   Alabama A&M	1.863	2.358	63.821	67.107
834	                    W Illinois	1.863	2.538	59.482	64.296
692	                          Navy	1.853	2.438	59.379	65.862
656	                     MA Lowell	1.839	2.461	60.926	70.111
508	                     Alcorn St	1.818	2.368	61.929	68.607
608	                     Grambling	1.817	2.434	65.407	80.963
774	                 Southern Utah	1.808	2.582	58.036	74.750
706	                          NJIT	1.786	2.367	68.680	73.720
571	                   Delaware St	1.782	2.504	59.571	66.107
700	                 New Hampshire	1.769	2.364	56.586	64.655
510	                Appalachian St	1.758	2.463	64.154	72.346
598	                        Furman	1.755	2.410	63.222	73.259
501	                   Abilene Chr	1.433	2.559	63.143	78.619
856	                Incarnate Word	1.195	2.189	76.800	74.533
